1
2.3683896777746716 48.65080561077127 2.3683896777746716 48.65080561077127 551042.0 16
2.369074308054345 48.65979367220241 2.369074308054345 48.65979367220241 2154240.0 50
2.377894515760107 48.66203840876899 2.392152131779715 48.6714713436906 66582.0 51
2.3426156607458055 48.670134729590174 2.3426156607458055 48.670134729590174 533674.0 82
2.3555087896376508 48.668784892831326 2.3555087896376508 48.668784892831326 711626.0 83
2.3690791544808656 48.668782028986875 2.3690791544808656 48.668782028986875 722368.0 84
2.3690791544808656 48.668782028986875 2.3826501116010794 48.66877926369127 241129.0 84
2.3690791544808656 48.668782028986875 2.392152131779715 48.6714713436906 29313.0 84
2.333114562870434 48.67957292145347 2.333114562870434 48.67957292145347 82551.0 115
2.3419378634623857 48.67777493577703 2.3419378634623857 48.67777493577703 1398389.0 116
2.3555113484695087 48.67777361524854 2.3555113484695087 48.67777361524854 1148962.0 117
2.369084651065333 48.67777075094109 2.3826657946502667 48.68675557598292 809835.0 118
2.369084651065333 48.67777075094109 2.394214754204654 48.695740693664014 255928.0 118
2.382655698256862 48.67776633435845 2.3935116673674415 48.67506520408615 174614.0 119
2.382655698256862 48.67776633435845 2.394214754204654 48.695740693664014 145517.0 119
2.3283620337157966 48.68676374673856 2.3283620337157966 48.68676374673856 477241.0 149
2.341938673043602 48.686763597376356 2.341938673043602 48.686763597376356 2008751.0 150
2.3555145025287745 48.686762276639705 2.3555145025287745 48.686762276639705 4696862.0 151
2.3690901495302628 48.68675941186916 2.3826736402113347 48.69574359351937 1593759.0 152
2.3690901495302628 48.68675941186916 2.394214754204654 48.695740693664014 883087.0 152
2.5584828092805676 48.68926308444519 2.5503368854863653 48.68971864492205 28184.0 166
2.3195365777641404 48.693503998169284 2.3195365777641404 48.693503998169284 79341.0 182
2.328361039783955 48.695751948963135 2.328361039783955 48.695751948963135 2383234.0 183
2.3419394828861853 48.69575219772202 2.3419394828861853 48.69575219772202 6178490.0 184
2.3555176576594596 48.69575087677718 2.369095649876625 48.69574801154345 1508247.0 185
2.3555176576594596 48.69575087677718 2.3962618221308065 48.70472689609805 318593.0 185
2.3555176576594596 48.69575087677718 2.396272019913541 48.71371463398251 497799.0 185
2.369095649876625 48.69574801154345 2.3826736402113347 48.69574359351937 4845865.0 186
2.5456247516372863 48.695569459850454 2.5320794510014712 48.704581023828 164095.0 199
2.5591869745142417 48.69554485563399 2.5320794510014712 48.704581023828 335440.0 200
2.570049045274086 48.69552953323483 2.5503368854863653 48.68971864492205 20716.0 201
2.570049045274086 48.69552953323483 2.5320794510014712 48.704581023828 114108.0 201
2.329717112999602 48.704740651566524 2.329717112999602 48.704740651566524 3678393.0 217
2.341940292990266 48.70474073658639 2.341940292990266 48.70474073658639 1518194.0 218
2.341940292990266 48.70474073658639 2.3555239711372966 48.71372789238042 833204.0 218
2.341940292990266 48.70474073658639 2.3691121622140336 48.72271344076697 1431442.0 218
2.341940292990266 48.70474073658639 2.3826971930571386 48.72270902057967 594368.0 218
2.341940292990266 48.70474073658639 2.3827050493979187 48.73169737224063 138255.0 218
2.341940292990266 48.70474073658639 2.396292426001518 48.73169139751106 215257.0 218
2.3555208138621166 48.704739415433316 2.3826971930571386 48.72270902057967 1433566.0 219
2.369101152105393 48.704736549736324 2.396272019913541 48.71371463398251 490119.0 220
2.369101152105393 48.704736549736324 2.3962822212031734 48.72270304682925 1598478.0 220
2.369101152105393 48.704736549736324 2.396292426001518 48.73169139751106 2743573.0 220
2.38268148846524 48.704732130991296 2.396272019913541 48.71371463398251 349228.0 221
2.5456450827269883 48.70455796857382 2.5320794510014712 48.704581023828 165780.0 233
2.5456450827269883 48.70455796857382 2.5320984981739065 48.713569474650136 457860.0 233
2.559225320815269 48.704533360286874 2.5320984981739065 48.713569474650136 604594.0 234
2.570751869813043 48.704512679276846 2.5320984981739065 48.713569474650136 459440.0 235
2.570751869813043 48.704512679276846 2.5592636803514264 48.7135218032242 50913.0 235
2.570751869813043 48.704512679276846 2.5321321757529756 48.72255786353051 144896.0 235
2.3297167073702765 48.71013375266029 2.3297167073702765 48.71013375266029 526070.0 251
2.3419412305030987 48.71372909908368 2.3827050493979187 48.73169737224063 1085954.0 252
2.3691066562175376 48.713725026220075 2.3826971930571386 48.72270902057967 200360.0 254
2.3826893394133775 48.71372060675397 2.3962822212031734 48.72270304682925 175850.0 255
2.409175504573568 48.713710878802274 2.4098797990945364 48.731683868961056 322030.0 257
2.449931770730756 48.716373196007794 2.521915948244791 48.71358589478769 176773.0 260
2.545681095478067 48.7135464155824 2.5321321757529756 48.72255786353051 169889.0 267
2.5714878787083237 48.713506475754116 2.545717120659896 48.72253480064849 274586.0 269
2.346696446738042 48.72271741403746 2.3691176700958545 48.731701793149256 86519.0 286
2.346696446738042 48.72271741403746 2.3827050493979187 48.73169737224063 220436.0 286
2.3555271294855524 48.72271630739077 2.3827050493979187 48.73169737224063 2272944.0 287
2.409867245840445 48.7226955195162 2.4098797990945364 48.731683868961056 292625.0 291
2.42345295229667 48.72314032958781 2.4098797990945364 48.731683868961056 415550.0 292
2.437042102897996 48.723574644330334 2.521915948244791 48.71358589478769 139200.0 293
2.437042102897996 48.723574644330334 2.4506418891889896 48.73165196039554 331582.0 293
2.450623211490142 48.72266564232922 2.521915948244791 48.71358589478769 903618.0 294
2.4608180190998814 48.72580167776435 2.521915948244791 48.71358589478769 40608.0 295
2.5728869723503465 48.722485396422854 2.5593020531295725 48.72251018421822 30959.0 303
2.5824023412440793 48.723817404477344 2.5593020531295725 48.72251018421822 38069.0 304
2.3555302889074383 48.73170451335379 2.3691176700958545 48.731701793149256 2421475.0 321
2.423467167864863 48.73167478659126 2.4098797990945364 48.731683868961056 392124.0 326
2.423467167864863 48.73167478659126 2.437054531500384 48.731664150402466 29115.0 326
2.572927706778453 48.731472328734185 2.5321321757529756 48.72255786353051 92434.0 337
2.572927706778453 48.731472328734185 2.545717120659896 48.72253480064849 108357.0 337
2.572927706778453 48.731472328734185 2.559340439156572 48.73149850304121 47369.0 337
2.586512746765787 48.73145182340849 2.545717120659896 48.72253480064849 167046.0 338
2.586512746765787 48.73145182340849 2.5593020531295725 48.72251018421822 321316.0 338
2.3011733501004197 48.74068958083936 2.284871210647655 48.73484056135992 125907.0 351
2.3011733501004197 48.74068958083936 2.30389653870145 48.73260075595214 230006.0 351
2.3011733501004197 48.74068958083936 2.287583251814011 48.74068397773112 100883.0 351
2.3011733501004197 48.74068958083936 2.3011733501004197 48.74068958083936 1905461.0 351
2.3134027918791267 48.74069203406589 2.3113688611782948 48.73305164452401 567083.0 352
2.3134027918791267 48.74069203406589 2.3283512722253326 48.74968274455428 131423.0 352
2.3134027918791267 48.74069203406589 2.3555397736204116 48.758669343509055 563881.0 352
2.3419435360242167 48.742491928306876 2.3555366109743137 48.749681178523566 160552.0 354
2.3419435360242167 48.742491928306876 2.3555397736204116 48.758669343509055 517861.0 354
2.3555338465615794 48.74069295069013 2.3827050493979187 48.73169737224063 6266.0 355
2.3555338465615794 48.74069295069013 2.3691231798639736 48.740690083139185 66523.0 355
2.3555338465615794 48.74069295069013 2.3827129084371137 48.740685661509076 537318.0 355
2.3555338465615794 48.74069295069013 2.3963026343103917 48.74067968580016 737620.0 355
2.3555338465615794 48.74069295069013 2.3555366109743137 48.749681178523566 513685.0 355
2.423482074707219 48.740663072148116 2.4098797990945364 48.731683868961056 580229.0 360
2.4506614945541862 48.740640242188704 2.464229240118574 48.73164121371238 1472581.0 362
2.491430571574385 48.740594341690915 2.5185861022474927 48.73156770313041 74058.0 365
2.5321995657937317 48.74053445455489 2.5321658649575745 48.731546190241374 100568.0 368
2.545789208341585 48.74051138404208 2.5321321757529756 48.72255786353051 42134.0 369
2.545789208341585 48.74051138404208 2.5321658649575745 48.731546190241374 165317.0 369
2.545789208341585 48.74051138404208 2.5457531582789197 48.7315231235443 65869.0 369
2.5593788384392946 48.74048675946536 2.5457531582789197 48.7315231235443 115415.0 370
2.5729684552743572 48.74046058082685 2.5457531582789197 48.7315231235443 229117.0 371
2.5729684552743572 48.74046058082685 2.559455676799405 48.75846308420585 85124.0 371
2.585878519855508 48.74043576102917 2.5866874404960556 48.76739721395721 21034.0 372
2.585878519855508 48.74043576102917 2.6002840808394616 48.767367912654876 208371.0 372
2.585878519855508 48.74043576102917 2.60167302839497 48.77319661796359 10212.0 372
2.2875750331336717 48.74967252299913 2.2780733074804886 48.74023106496176 256220.0 384
2.2875750331336717 48.74967252299913 2.2875750331336717 48.74967252299913 2054689.0 384
2.301167110925173 48.749677107557204 2.301167110925173 48.749677107557204 5259123.0 385
2.301167110925173 48.749677107557204 2.3147553004386103 48.758668621592065 2030783.0 385
2.301167110925173 48.749677107557204 2.328348192560557 48.767658518834 1333010.0 385
2.314758783795047 48.74968045676292 2.3283497326685088 48.75867041677061 1728975.0 386
2.314758783795047 48.74968045676292 2.3555397736204116 48.758669343509055 438539.0 386
2.341944347437774 48.74968250071843 2.3555397736204116 48.758669343509055 56558.0 388
2.3691286915193674 48.74967831050891 2.369134205063012 48.758666475030594 276110.0 390
2.3691286915193674 48.74967831050891 2.3827286346163348 48.7586620519571 67607.0 390
2.3827207701761193 48.749673888157176 2.3963026343103917 48.74067968580016 22021.0 391
2.3827207701761193 48.749673888157176 2.3963128461316123 48.74966791146874 158379.0 391
2.3827207701761193 48.749673888157176 2.3827286346163348 48.7586620519571 73088.0 391
2.42349698668699 48.74965129508392 2.4098797990945364 48.731683868961056 35550.0 394
2.42349698668699 48.74965129508392 2.4098923566712713 48.74067215601296 1182796.0 394
2.42349698668699 48.74965129508392 2.437071787605701 48.740652434206396 8077.0 394
2.42349698668699 48.74965129508392 2.409904918572888 48.74966038044411 120512.0 394
2.437089049660964 48.749640655388944 2.4506418891889896 48.73165196039554 97642.0 395
2.437089049660964 48.749640655388944 2.464229240118574 48.73164121371238 665328.0 395
2.437089049660964 48.749640655388944 2.437071787605701 48.740652434206396 130553.0 395
2.4506811066818575 48.74962846136009 2.4778177395503698 48.73162783413813 2246669.0 396
2.4506811066818575 48.74962846136009 2.4914077390759086 48.73296142964169 237665.0 396
2.4506811066818575 48.74962846136009 2.4642511947401453 48.740626496096084 486042.0 396
2.4642731569367196 48.74961471299841 2.5205940470373758 48.722576344280384 305758.0 397
2.4642731569367196 48.74961471299841 2.5321321757529756 48.72255786353051 173796.0 397
2.4642731569367196 48.74961471299841 2.5050023729441278 48.734733570780506 151462.0 397
2.4642731569367196 48.74961471299841 2.5185861022474927 48.73156770313041 14701.0 397
2.4642731569367196 48.74961471299841 2.4778408873510536 48.740611195929716 41480.0 397
2.477865199612602 48.74959941030507 2.5050202465976197 48.74057593338109 1590150.0 398
2.4914572338965604 48.749582553281385 2.51860991160824 48.74055597100186 851405.0 399
2.5322332782674772 48.749522656243315 2.5321658649575745 48.731546190241374 179470.0 402
2.5322332782674772 48.749522656243315 2.545897433255981 48.76747578886874 188468.0 402
2.5458252708543454 48.74949958191397 2.5458613458236568 48.758487716932166 194668.0 403
2.5458252708543454 48.74949958191397 2.545897433255981 48.76747578886874 349499.0 403
2.5594172509846125 48.74947495326286 2.559455676799405 48.75846308420585 95609.0 404
2.5730092178453554 48.74944877029204 2.559455676799405 48.75846308420585 124892.0 405
2.5730092178453554 48.74944877029204 2.559494115890555 48.76745115206646 96121.0 405
2.5866011706236556 48.74942103300379 2.586644298108339 48.75840915502256 15494.0 406
2.5866011706236556 48.74942103300379 2.5866874404960556 48.76739721395721 196602.0 406
2.5981563579261033 48.749854715167274 2.6002840808394616 48.767367912654876 82754.0 407
2.2488174494345494 48.761784858193536 2.2488174494345494 48.761784858193536 296344.0 415
2.260374563437784 48.760896921961645 2.260374563437784 48.760896921961645 613491.0 416
2.2739720151891833 48.758656864952506 2.2739720151891833 48.758656864952506 715938.0 417
2.287566440885567 48.75866036744972 2.287566440885567 48.75866036744972 1206194.0 418
2.3011608695731693 48.75866527181834 2.314751408619332 48.76765672334534 927155.0 419
2.3011608695731693 48.75866527181834 2.328348192560557 48.767658518834 197527.0 419
2.3419451591136236 48.75867066591236 2.3555397736204116 48.758669343509055 206682.0 422
2.3963230614669992 48.75865607428895 2.3963332803183737 48.76764417403291 415298.0 426
2.4099174848016265 48.75864854202665 2.3963332803183737 48.76764417403291 2367440.0 427
2.423511903806838 48.75863945517082 2.409904918572888 48.74966038044411 230607.0 428
2.423511903806838 48.75863945517082 2.4099300553597307 48.767636640532686 2353004.0 428
2.437106317669257 48.75862881372227 2.464229240118574 48.73164121371238 281049.0 429
2.437106317669257 48.75862881372227 2.4914077390759086 48.73296142964169 61147.0 429
2.437106317669257 48.75862881372227 2.4778408873510536 48.740611195929716 656609.0 429
2.4507007255755093 48.75861661768187 2.5185861022474927 48.73156770313041 518727.0 430
2.4507007255755093 48.75861661768187 2.51860991160824 48.74055597100186 43398.0 430
2.4507007255755093 48.75861661768187 2.477865199612602 48.74959941030507 1367676.0 430
2.464295126712222 48.75860286705068 2.4914572338965604 48.749582553281385 312420.0 431
2.464295126712222 48.75860286705068 2.505049258975651 48.749564141928786 785434.0 431
2.464295126712222 48.75860286705068 2.5186412740369346 48.749544176248854 496663.0 431
2.464295126712222 48.75860286705068 2.5323007381518776 48.76749887083327 62137.0 431
2.4778895202660256 48.758587561829884 2.5323007381518776 48.76749887083327 221490.0 432
2.4914839054235527 48.758570702020776 2.5050782813714383 48.75855228762481 61705.0 433
2.4914839054235527 48.758570702020776 2.5323007381518776 48.76749887083327 518737.0 433
2.518672647296322 48.75853231864356 2.5323007381518776 48.76749887083327 34097.0 435
2.5322670023848457 48.75851079507872 2.545897433255981 48.76747578886874 212340.0 436
2.5730499944987457 48.7584368969019 2.5866874404960556 48.76739721395721 117466.0 439
2.600238586814849 48.75838596609938 2.6002840808394616 48.767367912654876 43926.0 441
2.234528031506021 48.7689639847433 2.2338327681547643 48.77660258218813 171656.0 448
2.246767525666793 48.76762551993851 2.246767525666793 48.76762551993851 2794567.0 449
2.260364294644151 48.767633992862415 2.260364294644151 48.767633992862415 1788297.0 450
2.260364294644151 48.767633992862415 2.2739501174879577 48.776630043732126 403164.0 450
2.273961068241884 48.76764200776154 2.2739501174879577 48.776630043732126 668362.0 451
2.2875578456461927 48.767648467808726 2.2875492474139927 48.7766365048637 286583.0 452
2.3011546260432763 48.76765337300348 2.314751408619332 48.76765672334534 44277.0 453
2.3419459710518984 48.76765876803052 2.3555429373423555 48.76765744541869 1082543.0 456
2.423526826069428 48.767627552180954 2.409942630249443 48.776624675734325 1553879.0 462
2.4371235916336667 48.76761690897847 2.4507596228874426 48.785580707270505 1501946.0 463
2.45072035123865 48.767604710926136 2.4779138493156756 48.76757565027627 410891.0 464
2.45072035123865 48.767604710926136 2.491510586160136 48.76755878768122 627651.0 464
2.45072035123865 48.767604710926136 2.4779381867659067 48.77656367541632 255179.0 464
2.45072035123865 48.767604710926136 2.4915372761110874 48.77654681003478 327963.0 464
2.45072035123865 48.767604710926136 2.4915639752811867 48.78553476885352 1277223.0 464
2.464317104070584 48.76759095802501 2.5187040313920184 48.767520397958066 984575.0 465
2.464317104070584 48.76759095802501 2.5323007381518776 48.76749887083327 451938.0 465
2.491510586160136 48.76755878768122 2.5187040313920184 48.767520397958066 839260.0 467
2.505107313790178 48.76754037024129 2.5187040313920184 48.767520397958066 149459.0 468
2.5730907852418343 48.767424960428535 2.559494115890555 48.76745115206646 98441.0 473
2.5730907852418343 48.767424960428535 2.5866874404960556 48.76739721395721 36782.0 473
2.2467518698757756 48.77661245613983 2.2338327681547643 48.77660258218813 873190.0 483
2.2467518698757756 48.77661245613983 2.2467518698757756 48.77661245613983 196847.0 483
2.2467518698757756 48.77661245613983 2.233134739261266 48.785589297316655 1670391.0 483
2.2467518698757756 48.77661245613983 2.2603376834739763 48.785609998586324 993444.0 483
2.260350991370478 48.7766220274906 2.2739501174879577 48.776630043732126 735248.0 484
2.3011483803343595 48.776641410884736 2.314751408619332 48.76765672334534 76245.0 487
2.3011483803343595 48.776641410884736 2.2875492474139927 48.7766365048637 761358.0 487
2.3011483803343595 48.776641410884736 2.314747515434833 48.77664476179483 715703.0 487
2.3419467832527325 48.776646806844944 2.3555429373423555 48.76765744541869 1233181.0 490
2.3419467832527325 48.776646806844944 2.369139720495885 48.76765457647635 2177800.0 490
2.3827443716059884 48.77663819010084 2.369139720495885 48.76765457647635 441612.0 493
2.3827443716059884 48.77663819010084 2.382736501759158 48.76765015268096 169010.0 493
2.3827443716059884 48.77663819010084 2.3963332803183737 48.76764417403291 293181.0 493
2.4235417534774255 48.77661558588639 2.409942630249443 48.776624675734325 900293.0 496
2.4371408715572804 48.776604940929644 2.4507596228874426 48.785580707270505 252926.0 497
2.4371408715572804 48.776604940929644 2.450779268880123 48.79456860991468 2062867.0 497
2.45073998367479 48.776592740865006 2.4507596228874426 48.785580707270505 1546419.0 498
2.45073998367479 48.776592740865006 2.477962532621078 48.785551637022095 535786.0 498
2.45073998367479 48.776592740865006 2.4915639752811867 48.78553476885352 1465013.0 498
2.45073998367479 48.776592740865006 2.464383081682164 48.79455485020111 307524.0 498
2.4643390890157377 48.776578985693504 2.4915639752811867 48.78553476885352 362698.0 499
2.5051363562370694 48.7765283895503 2.5187354263296466 48.77650841396449 415545.0 502
2.5051363562370694 48.7765283895503 2.532334485574617 48.776486883279034 496868.0 502
2.5051363562370694 48.7765283895503 2.5459335331577835 48.77646379749579 427689.0 502
2.5051363562370694 48.7765283895503 2.5323682446591107 48.78547483218807 279700.0 502
2.5595325682649515 48.77643915661676 2.5459335331577835 48.77646379749579 22535.0 506
2.573131590081931 48.776412960644016 2.60167302839497 48.77319661796359 36805.0 507
2.573131590081931 48.776412960644016 2.586812519376073 48.794361009977194 221481.0 507
2.5853530319347087 48.77638812440949 2.60167302839497 48.77319661796359 2161.0 508
2.246736208647709 48.785600425634755 2.233134739261266 48.785589297316655 228805.0 517
2.2739391629254246 48.785618016170524 2.2739501174879577 48.776630043732126 590411.0 519
2.3011421324452837 48.785629385234145 2.2875492474139927 48.7766365048637 2174527.0 521
2.3011421324452837 48.785629385234145 2.328346651901188 48.776646557593665 3622698.0 521
2.355549268016002 48.785633459098754 2.369139720495885 48.76765457647635 69431.0 525
2.355549268016002 48.785633459098754 2.369145237818961 48.77664261461826 1414840.0 525
2.36915075703322 48.78563058922838 2.369145237818961 48.77664261461826 163437.0 526
2.382752244158225 48.78562616398881 2.396343502687557 48.7766322104727 926810.0 527
2.382752244158225 48.78562616398881 2.409942630249443 48.776624675734325 823931.0 527
2.382752244158225 48.78562616398881 2.396353728576371 48.785620183380374 109304.0 527
2.382752244158225 48.78562616398881 2.4099552094730106 48.78561264740364 812157.0 527
2.423556686033498 48.785603556059215 2.450779268880123 48.79456860991468 915810.0 530
2.423556686033498 48.785603556059215 2.437192747114265 48.80356865467343 480299.0 530
2.4371581574431893 48.785592909347855 2.450779268880123 48.79456860991468 4233378.0 531
2.4643610815516177 48.78556694982818 2.464383081682164 48.79455485020111 532081.0 533
2.559571033929486 48.7854270976288 2.5732132420824145 48.79438877022977 487828.0 540
2.573172409026351 48.785400897320415 2.586812519376073 48.794361009977194 574036.0 541
2.586773770011523 48.785378941182586 2.586812519376073 48.794361009977194 229128.0 542
2.192294529309572 48.798579016904995 2.192294529309572 48.798579016904995 47563.0 547
2.2059090909785137 48.79455634340526 2.2059090909785137 48.79455634340526 20052.0 548
2.219512901177839 48.79456451539052 2.2195313569610637 48.78648150177428 3867.0 549
2.219512901177839 48.79456451539052 2.219512901177839 48.79456451539052 242861.0 549
2.2875320419648846 48.794612388149616 2.28754064618741 48.78562447838664 1009996.0 554
2.2875320419648846 48.794612388149616 2.2875320419648846 48.794612388149616 617956.0 554
2.3011358823749144 48.79461729582373 2.3011358823749144 48.79461729582373 3745130.0 555
2.3147397249673234 48.794620647870644 2.328346651901188 48.776646557593665 415467.0 556
2.3147397249673234 48.794620647870644 2.3147436208844008 48.785632736712586 607339.0 556
2.3147397249673234 48.794620647870644 2.3283451106901123 48.78563453282167 4500215.0 556
2.328343568927039 48.79462244429003 2.3555461021407003 48.77664548402457 1268841.0 557
2.328343568927039 48.79462244429003 2.341947595716257 48.78563478212771 1014108.0 557
2.3555524349688164 48.794621370413275 2.369145237818961 48.77664261461826 1478255.0 559
2.3691562781396396 48.79461850007875 2.369145237818961 48.77664261461826 861217.0 560
2.3691562781396396 48.79461850007875 2.3827679973845286 48.80360192025704 1569870.0 560
2.382760119417272 48.79461407411685 2.4099552094730106 48.78561264740364 2998821.0 561
2.382760119417272 48.79461407411685 2.3827679973845286 48.80360192025704 17058.0 561
2.382760119417272 48.79461407411685 2.4235865666005516 48.80357930489498 269583.0 561
2.382760119417272 48.79461407411685 2.4236015146168777 48.81256708310191 729765.0 561
2.396363957986641 48.79460809252799 2.4099677930326795 48.79460055531263 131483.0 562
2.396363957986641 48.79460809252799 2.4235865666005516 48.80357930489498 2760952.0 562
2.423571623740316 48.7945914624714 2.4235865666005516 48.80357930489498 1077189.0 564
2.423571623740316 48.7945914624714 2.437192747114265 48.80356865467343 993369.0 564
2.437175449294486 48.79458081400512 2.437192747114265 48.80356865467343 1600604.0 565
2.4779868868855486 48.794539534865606 2.4915639752811867 48.78553476885352 974775.0 568
2.4779868868855486 48.794539534865606 2.505165408717314 48.78551634532393 1528579.0 568
2.491590683675219 48.794522663909476 2.505165408717314 48.78551634532393 687884.0 569
2.491590683675219 48.794522663909476 2.5187668321148307 48.78549636643487 984505.0 569
2.5970057752372364 48.79299413597225 2.586812519376073 48.794361009977194 114297.0 577
2.182075878014315 48.80351226917183 2.182075878014315 48.80351226917183 755029.0 580
2.1922801967438197 48.80352230967948 2.192255096113141 48.81251007821865 591672.0 581
2.2058863540027187 48.8035381093588 2.2058863540027187 48.8035381093588 174992.0 582
2.2194925191535573 48.803552353158494 2.2194925191535573 48.803552353158494 347489.0 583
2.2330986913808526 48.80356504107738 2.233116718449944 48.794577201191586 766793.0 584
2.2330986913808526 48.80356504107738 2.2330986913808526 48.80356504107738 143199.0 584
2.246704869869119 48.80357617311432 2.2467205419797667 48.79458833136893 117165.0 585
2.246704869869119 48.80357617311432 2.260324370952242 48.79459790592157 185759.0 585
2.246704869869119 48.80357617311432 2.246704869869119 48.80357617311432 1113084.0 585
2.2603110538028695 48.803585749268386 2.260324370952242 48.79459790592157 665388.0 586
2.273917242366613 48.80359376953871 2.260324370952242 48.79459790592157 343959.0 587
2.273917242366613 48.80359376953871 2.2739282045523046 48.79460592484871 806036.0 587
2.287523434744859 48.80360023392461 2.2875148245257737 48.81258801548357 1616475.0 588
2.301129630122116 48.8036051424255 2.3011233756857488 48.81259292481141 1052814.0 589
2.314735827682887 48.803608495040976 2.314735827682887 48.803608495040976 3465472.0 590
2.328342026611679 48.80361029177073 2.3555461021407003 48.77664548402457 820451.0 591
2.328342026611679 48.80361029177073 2.3419484084426068 48.79462269365085 1804944.0 591
2.328342026611679 48.80361029177073 2.3283404837437436 48.812598075035744 1038659.0 591
2.341949221431914 48.803610541186345 2.3555556029996993 48.8036092177401 1169475.0 592
2.341949221431914 48.803610541186345 2.3691618011392 48.80360634694135 3109303.0 592
2.3691618011392 48.80360634694135 2.3827679973845286 48.80360192025704 1581605.0 594
2.3963741909201923 48.8035959376875 2.4236015146168777 48.81256708310191 3577538.0 596
2.4099803809306977 48.80358839923327 2.4236015146168777 48.81256708310191 1280472.0 597
2.4644050894113163 48.80354268658425 2.464383081682164 48.79455485020111 225746.0 601
2.4780112495636835 48.80352736871885 2.5187668321148307 48.78549636643487 183223.0 602
2.4780112495636835 48.80352736871885 2.5051944712361194 48.79450423733415 642077.0 602
2.4916174012979697 48.80351049497462 2.5323682446591107 48.78547483218807 549912.0 603
2.4916174012979697 48.80351049497462 2.5051944712361194 48.79450423733415 103408.0 603
2.4916174012979697 48.80351049497462 2.5187982487532 48.79448425514123 961191.0 603
2.532435797837575 48.80345053848404 2.5459696455355347 48.7854517425854 48706.0 606
2.532435797837575 48.80345053848404 2.54600577039571 48.794439623909554 11536.0 606
2.5460419077447884 48.80342744124026 2.5596095128910563 48.794414974874634 1666709.0 607
2.5460419077447884 48.80342744124026 2.5732132420824145 48.79438877022977 382510.0 607
2.559648005156565 48.80340278812622 2.5732132420824145 48.79438877022977 52511.0 608
2.16502664180687 48.814722772899586 2.16502664180687 48.814722772899586 353531.0 613
2.1786465918032967 48.81249735078643 2.1786465918032967 48.81249735078643 439743.0 614
2.1786465918032967 48.81249735078643 2.192255096113141 48.81251007821865 455476.0 614
2.219472130052767 48.81254012670889 2.2058636091349326 48.81252588053268 141791.0 617
2.219472130052767 48.81254012670889 2.219472130052767 48.81254012670889 5330569.0 617
2.233080658050738 48.81255281674599 2.233080658050738 48.81255281674599 1419210.0 618
2.233080658050738 48.81255281674599 2.246689192312936 48.81256395064291 653866.0 618
2.260297732023451 48.81257352839869 2.260297732023451 48.81257352839869 3934494.0 620
2.273906276366368 48.81258155001247 2.273906276366368 48.81258155001247 853852.0 621
2.273906276366368 48.81258155001247 2.2875148245257737 48.81258801548357 2439487.0 621
2.314731929030378 48.81259627799557 2.3011233756857488 48.81259292481141 2606391.0 624
2.314731929030378 48.81259627799557 2.314731929030378 48.81259627799557 413866.0 624
2.314731929030378 48.81259627799557 2.3283404837437436 48.812598075035744 1744780.0 624
2.355558772109208 48.812597000851234 2.3691673260328807 48.81259412958816 1343005.0 627
2.4644271047430175 48.81253045874958 2.464383081682164 48.79455485020111 11007.0 635
2.4644271047430175 48.81253045874958 2.4507989216563484 48.80355644856951 2063280.0 635
2.47803562065985 48.812515138353795 2.5052235437986963 48.803492065353 96721.0 636
2.5052526264102575 48.81247982915241 2.5188296762503883 48.80347207985556 111998.0 638
2.5460780575892525 48.81241519434947 2.559648005156565 48.80340278812622 818428.0 641
2.1541198356830504 48.821448548521175 2.1541198356830504 48.821448548521175 729129.0 646
2.1650082745350443 48.82146150322977 2.1650082745350443 48.82146150322977 1237290.0 647
2.178619125886353 48.82148042096712 2.1922299867704633 48.821497782311184 1620417.0 648
2.2194517338717876 48.82152783581361 2.205840856371051 48.82151358726048 3401004.0 651
2.2194517338717876 48.82152783581361 2.2194517338717876 48.82152783581361 424764.0 651
2.2330626184563442 48.82154052796936 2.2330626184563442 48.82154052796936 7604721.0 652
2.246673509308386 48.82155166372662 2.246673509308386 48.82155166372662 170423.0 653
2.2602844056115785 48.82156124308442 2.2602844056115785 48.82156124308442 7595940.0 654
2.2738953065495844 48.82156926604192 2.2738953065495844 48.82156926604192 16332577.0 655
2.2875062113060642 48.82157573259843 2.2875148245257737 48.81258801548357 732522.0 656
2.3011171190646778 48.82158064275338 2.3011171190646778 48.82158064275338 14739068.0 657
2.3011171190646778 48.82158064275338 2.3011108602577632 48.83056829601588 3192089.0 657
2.3147280290090833 48.82158399650633 2.3147280290090833 48.82158399650633 13434437.0 658
2.3147280290090833 48.82158399650633 2.3147241276182866 48.830571650337745 23934.0 658
2.328338940322938 48.82158579385699 2.3283404837437436 48.812598075035744 4881588.0 659
2.328338940322938 48.82158579385699 2.341950034684312 48.81259832450618 3199380.0 659
2.328338940322938 48.82158579385699 2.341950848199934 48.821586043382254 1846617.0 659
2.355561942297899 48.821584719518576 2.3691673260328807 48.81259412958816 1354290.0 661
2.355561942297899 48.821584719518576 2.382775878061401 48.81258970218125 4029914.0 661
2.369172852821662 48.82158184779109 2.382775878061401 48.81258970218125 2524640.0 662
2.369172852821662 48.82158184779109 2.3963844273788513 48.812583718630876 4207390.0 662
2.369172852821662 48.82158184779109 2.4099929731693157 48.81257617893755 2435363.0 662
2.369172852821662 48.82158184779109 2.4236015146168777 48.81256708310191 1010869.0 662
2.369172852821662 48.82158184779109 2.396394667364447 48.82157143513005 1827785.0 662
2.369172852821662 48.82158184779109 2.4100181706773616 48.83055154477728 799944.0 662
2.382783761449292 48.821577419661466 2.396394667364447 48.82157143513005 967425.0 663
2.382783761449292 48.821577419661466 2.410005569750786 48.82156389419738 828782.0 663
2.4644491276812155 48.82151816646901 2.4507989216563484 48.80355644856951 1195998.0 669
2.4644491276812155 48.82151816646901 2.5052235437986963 48.803492065353 197227.0 669
2.4644491276812155 48.82151816646901 2.45081858121964 48.81254422300694 812194.0 669
2.4780600001784165 48.821502843542355 2.4916441281542294 48.81249826182093 853383.0 670
2.518892563843774 48.821447536395965 2.532469591943662 48.8124382954149 1744880.0 673
2.532503397735736 48.821425987896944 2.5732132420824145 48.79438877022977 349325.0 674
2.532503397735736 48.821425987896944 2.573254089257447 48.80337657914403 788491.0 674
2.546114219935592 48.82140288300913 2.5861797975525795 48.80335027632408 841940.0 675
2.546114219935592 48.82140288300913 2.573294950558779 48.81236432383518 567704.0 675
2.1649784416996134 48.83044913659356 2.152045961658075 48.83043192889482 155178.0 681
2.1649784416996134 48.83044913659356 2.1649784416996134 48.83044913659356 481320.0 681
2.1785916504365552 48.83046805748337 2.1922299867704633 48.821497782311184 624359.0 682
2.1785916504365552 48.83046805748337 2.1785916504365552 48.83046805748337 68235.0 682
2.1785916504365552 48.83046805748337 2.192204868711256 48.83048542172156 369865.0 682
2.2058180957069675 48.83050122930662 2.2058180957069675 48.83050122930662 1924704.0 684
2.219431330606939 48.83051548023717 2.219431330606939 48.83051548023717 4370618.0 685
2.2330445725944132 48.83052817451197 2.2330445725944132 48.83052817451197 2054924.0 686
2.2330445725944132 48.83052817451197 2.2466578208526338 48.83053931212992 6599526.0 686
2.2602710745648418 48.83054889309006 2.2602710745648418 48.83054889309006 3184478.0 688
2.2602710745648418 48.83054889309006 2.260257738880828 48.8395364781949 6611016.0 688
2.273884332914275 48.83055691739155 2.273884332914275 48.83055691739155 11833345.0 689
2.2874975950841705 48.83056338503367 2.287488975858528 48.839550972568595 2461664.0 690
2.328337396348976 48.83057344799896 2.3147241276182866 48.830571650337745 434610.0 693
2.328337396348976 48.83057344799896 2.341951661978914 48.83057369757906 628711.0 693
2.328337396348976 48.83057344799896 2.3283358518215644 48.83956103724094 5160243.0 693
2.35556511356633 48.8305723735066 2.369183912088455 48.839557089938026 7232022.0 695
2.35556511356633 48.8305723735066 2.396415157923764 48.839546673868526 3573009.0 695
2.3691783815065266 48.83056950131461 2.396404910878808 48.83055908694949 5020589.0 696
2.3691783815065266 48.83056950131461 2.396415157923764 48.839546673868526 13440334.0 696
2.3827916475496074 48.83056507246211 2.396404910878808 48.83055908694949 2303072.0 697
2.3827916475496074 48.83056507246211 2.4100181706773616 48.83055154477728 1799463.0 697
2.4372446764154754 48.83053179045666 2.4236164677919696 48.82155479686412 818831.0 701
2.4508579207215124 48.83051957830997 2.4372273606716597 48.82154414313099 207112.0 702
2.464471158229859 48.830505809507024 2.45083824757352 48.82153193299895 208966.0 703
2.505310821801205 48.83045516317321 2.54600577039571 48.794439623909554 1181212.0 706
2.505310821801205 48.83045516317321 2.5732132420824145 48.79438877022977 179739.0 706
2.505310821801205 48.83045516317321 2.532469591943662 48.8124382954149 155526.0 706
2.5189240239512563 48.830435167758424 2.573254089257447 48.80337657914403 2060239.0 707
2.5189240239512563 48.830435167758424 2.5861797975525795 48.80335027632408 984679.0 707
2.5189240239512563 48.830435167758424 2.5596865107329196 48.81239053715553 507084.0 707
2.5733767155696885 48.830339619628404 2.5733358259937464 48.821352004075145 971850.0 711
2.1520221664728685 48.83941732201448 2.1520221664728685 48.83941732201448 587948.0 714
2.1520221664728685 48.83941732201448 2.1540392511819526 48.848408069695054 201777.0 714
2.164948598509625 48.83943670505333 2.164948598509625 48.83943670505333 50404.0 715
2.164948598509625 48.83943670505333 2.164918744959695 48.84842420838831 292590.0 715
2.178564165448946 48.83945562909622 2.178536670918563 48.848443135584915 134812.0 716
2.192179741930986 48.8394729962291 2.192179741930986 48.8394729962291 1251509.0 717
2.192179741930986 48.8394729962291 2.178536670918563 48.848443135584915 162239.0 717
2.205795327138574 48.83948880645041 2.205795327138574 48.83948880645041 1208300.0 718
2.219410920254534 48.83950305975884 2.219410920254534 48.83950305975884 7163852.0 719
2.2330265204616833 48.839515756153105 2.2330265204616833 48.839515756153105 4366899.0 720
2.2330265204616833 48.839515756153105 2.2466421269428434 48.83952689563212 2131066.0 720
2.273873355458452 48.839544503840635 2.287488975858528 48.839550972568595 10036284.0 723
2.3147202248572745 48.83955923926912 2.3147241276182866 48.830571650337745 4588406.0 726
2.341952476021384 48.83956128687589 2.3555682859150577 48.839559962594606 3493951.0 728
2.341952476021384 48.83956128687589 2.382807427893138 48.84854018314199 3749902.0 728
2.3827995363637537 48.83955266036254 2.396415157923764 48.839546673868526 557732.0 731
2.4644931963928984 48.83949338764292 2.5052235437986963 48.803492065353 745178.0 737
2.4644931963928984 48.83949338764292 2.437210050905623 48.81255643112475 2505442.0 737
2.4644931963928984 48.83949338764292 2.4916441281542294 48.81249826182093 748143.0 737
2.4644931963928984 48.83949338764292 2.5052526264102575 48.81247982915241 3432830.0 737
2.4644931963928984 48.83949338764292 2.4236164677919696 48.82155479686412 1128936.0 737
2.4644931963928984 48.83949338764292 2.4372273606716597 48.82154414313099 267060.0 737
2.4644931963928984 48.83949338764292 2.45083824757352 48.82153193299895 175754.0 737
2.4644931963928984 48.83949338764292 2.491670864248793 48.821485964220315 2490625.0 737
2.4644931963928984 48.83949338764292 2.4780843881237575 48.83049048404901 1068232.0 737
2.4781087845002494 48.83947805965309 2.5188296762503883 48.80347207985556 1066861.0 738
2.49172436417202 48.83946117475108 2.5459696455355347 48.7854517425854 316843.0 739
2.49172436417202 48.83946117475108 2.5324020154114115 48.79446271733241 612756.0 739
2.49172436417202 48.83946117475108 2.518861114612033 48.81245984034983 2809804.0 739
2.505339934591037 48.83944273293835 2.573294950558779 48.81236432383518 713518.0 740
2.505339934591037 48.83944273293835 2.5325372152198673 48.83041361569464 2955112.0 740
2.5189554949401294 48.83942273421653 2.559725029627031 48.82137822173449 1520748.0 741
2.573417619293952 48.83932717027422 2.5733358259937464 48.821352004075145 549628.0 745
2.5829309030871963 48.83885867392862 2.586969859913632 48.83031184098843 132831.0 746
2.2057725506617585 48.84847631847114 2.192154606425117 48.84846050561302 1819060.0 752
2.2057725506617585 48.84847631847114 2.2057725506617585 48.84847631847114 1591554.0 752
2.2193905028108842 48.84849057415789 2.2193905028108842 48.84849057415789 2813015.0 753
2.2330084620548925 48.84850327267203 2.2330084620548925 48.84850327267203 676293.0 754
2.2466264275761754 48.84851441401246 2.2466421269428434 48.83952689563212 2383074.0 755
2.2602443985571234 48.84852399817821 2.2602443985571234 48.84852399817821 13081572.0 756
2.2738623741801263 48.84853202516844 2.287488975858528 48.839550972568595 1689640.0 757
2.2738623741801263 48.84853202516844 2.2738623741801263 48.84853202516844 7195484.0 757
2.3010983360818438 48.84854340761969 2.301104599263865 48.83955588437824 5561946.0 759
2.3010983360818438 48.84854340761969 2.287480353627571 48.848538494982456 12859070.0 759
2.3010983360818438 48.84854340761969 2.3010983360818438 48.84854340761969 19385806.0 759
2.3147163207253296 48.8485467630797 2.3147163207253296 48.8485467630797 15593288.0 760
2.3147163207253296 48.8485467630797 2.314712415221737 48.85753422153387 6297904.0 760
2.3283343067404125 48.84854856136221 2.3283358518215644 48.83956103724094 4505062.0 761
2.3283343067404125 48.84854856136221 2.35557463385564 48.857534945172745 837326.0 761
2.341953290327479 48.84854881105201 2.3555714593446417 48.848547486561856 3893641.0 762
2.341953290327479 48.84854881105201 2.3691894445684305 48.84854461344062 4277450.0 762
2.341953290327479 48.84854881105201 2.382807427893138 48.84854018314199 4532113.0 762
2.4236613582966218 48.848517549186376 2.4236314261285044 48.830542445946065 473067.0 768
2.4236613582966218 48.848517549186376 2.423646389629162 48.839530030127065 1866776.0 768
2.46451524217429 48.848480900655986 2.4236314261285044 48.830542445946065 39378.0 771
2.46451524217429 48.848480900655986 2.4372619981401726 48.83951937288103 1505252.0 771
2.46451524217429 48.848480900655986 2.450877600667147 48.839507158719314 1626097.0 771
2.46451524217429 48.848480900655986 2.4372793258488596 48.84850689018337 4477206.0 771
2.46451524217429 48.848480900655986 2.4508972874139516 48.84849467400623 1813564.0 771
2.4781331893122696 48.8484655701338 2.5324020154114115 48.79446271733241 364102.0 772
2.4781331893122696 48.8484655701338 2.5188296762503883 48.80347207985556 1029841.0 772
2.4781331893122696 48.8484655701338 2.5052817190760197 48.82146752850433 988919.0 772
2.4781331893122696 48.8484655701338 2.4916976095864563 48.83047360193727 3099745.0 772
2.4917511280102884 48.848448682440996 2.559725029627031 48.82137822173449 102664.0 773
2.4917511280102884 48.848448682440996 2.5325372152198673 48.83041361569464 4016599.0 773
2.518986976816045 48.848410235549494 2.546150394790299 48.83039050698369 1228684.0 775
2.573439589842067 48.848314655791896 2.5869033762509543 48.8123380166609 1054872.0 779
2.573439589842067 48.848314655791896 2.5733767155696885 48.830339619628404 1988664.0 779
2.1785091668404437 48.85743057671381 2.178536670918563 48.848443135584915 91150.0 784
2.1921294621891088 48.85744794963773 2.1921294621891088 48.85744794963773 241100.0 785
2.2057497662724037 48.85746376513315 2.2057497662724037 48.85746376513315 1644663.0 786
2.219370078272303 48.85747802319869 2.219370078272303 48.85747802319869 2242096.0 787
2.2329903973707754 48.85749072383312 2.2329903973707754 48.85749072383312 837788.0 788
2.2329903973707754 48.85749072383312 2.24661072274979 48.857501867035324 156088.0 788
2.260231053591312 48.85751145280436 2.24661072274979 48.857501867035324 664521.0 790
2.273851389077307 48.857519481139356 2.273851389077307 48.857519481139356 8771500.0 791
2.273851389077307 48.857519481139356 2.2874717283897357 48.85752595203962 4856069.0 791
2.3283327611052282 48.8575360201271 2.341954104897333 48.85753626987177 12898321.0 795
2.341954104897333 48.85753626987177 2.35557463385564 48.857534945172745 14337085.0 796
2.3691949789474367 48.857532071586725 2.382807427893138 48.84854018314199 1132431.0 798
2.396435662612793 48.857521652107465 2.4100307759512964 48.839539130456494 3748826.0 800
2.396435662612793 48.857521652107465 2.382807427893138 48.84854018314199 2982557.0 800
2.396435662612793 48.857521652107465 2.3964254085011483 48.848534195666396 8629696.0 800
2.4100559995502717 48.85751410621509 2.4100433855748467 48.84852665101431 26521.0 801
2.4236763321335673 48.85750500288835 2.4100307759512964 48.839539130456494 416909.0 802
2.4236763321335673 48.85750500288835 2.423646389629162 48.839530030127065 595149.0 802
2.478157602564201 48.85745301525553 2.5189554949401294 48.83942273421653 313713.0 806
2.478157602564201 48.85745301525553 2.505369057450745 48.84843023757905 931926.0 806
2.5053981903855593 48.85741767685961 2.518986976816045 48.848410235549494 4347160.0 808
2.519018469584661 48.85739767152174 2.5326048852885963 48.84838867635409 28884.0 809
2.532638737885352 48.85737610875951 2.5733358259937464 48.821352004075145 391498.0 810
2.5734994692168502 48.857307571695166 2.5869033762509543 48.8123380166609 1098831.0 813
2.5734994692168502 48.857307571695166 2.586946608219436 48.821324230033355 1132830.0 813
2.583039586927928 48.85863528567623 2.586946608219436 48.821324230033355 294645.0 814
2.583039586927928 48.85863528567623 2.586969859913632 48.83031184098843 150799.0 814
2.154642322786494 48.86638605324418 2.1560361125889598 48.857398683018275 134355.0 816
2.154642322786494 48.86638605324418 2.154642322786494 48.86638605324418 393937.0 816
2.164859006758443 48.86639901874888 2.1648888810444316 48.857411646362905 873019.0 817
2.164859006758443 48.86639901874888 2.164859006758443 48.86639901874888 279670.0 817
2.1784816532096185 48.866417952254686 2.1784816532096185 48.866417952254686 902339.0 818
2.205726973966395 48.866451146208206 2.1921043092184185 48.86643532807498 182181.0 820
2.205726973966395 48.866451146208206 2.205726973966395 48.866451146208206 714829.0 820
2.205726973966395 48.866451146208206 2.20570417373961 48.875438461468065 1572967.0 820
2.219349646635095 48.86646540665301 2.219349646635095 48.86646540665301 1250979.0 821
2.219349646635095 48.86646540665301 2.232954249157489 48.87546542916883 5483704.0 821
2.232972326406064 48.866478109408135 2.232954249157489 48.87546542916883 1723621.0 822
2.2602177039809783 48.8664988418451 2.246595012460845 48.86648925447249 1519098.0 824
2.2602177039809783 48.8664988418451 2.2602177039809783 48.8664988418451 34743.0 824
2.2738404001480026 48.866506871525125 2.2738404001480026 48.866506871525125 7716149.0 825
2.2874631001434538 48.866513343511876 2.2874631001434538 48.866513343511876 18657766.0 826
2.301085803148868 48.866518257804756 2.301092070710559 48.857530865504614 705404.0 827
2.301085803148868 48.866518257804756 2.301085803148868 48.866518257804756 12553593.0 827
2.3147085083457792 48.86652161440339 2.3147085083457792 48.86652161440339 6728847.0 828
2.3147085083457792 48.86652161440339 2.3147046000967406 48.875508941459984 3699677.0 828
2.328331214915722 48.866523413307426 2.328331214915722 48.866523413307426 12080346.0 829
2.328331214915722 48.866523413307426 2.3555778094486115 48.86652233819902 9436919.0 829
2.328331214915722 48.866523413307426 2.341955734828849 48.87551099052935 4621654.0 829
2.341954919731078 48.86652366310698 2.3555778094486115 48.86652233819902 5013055.0 830
2.3964459202605326 48.8665090429635 2.382807427893138 48.84854018314199 10354565.0 834
2.3964459202605326 48.8665090429635 2.3828153221391677 48.85752764056485 5193368.0 834
2.4236913111426834 48.86649239100478 2.437296659544642 48.857494342128064 465379.0 836
2.4509366813252074 48.86646950827769 2.437296659544642 48.857494342128064 608214.0 838
2.4509366813252074 48.86646950827769 2.4509169809654603 48.8574821239351 2255586.0 838
2.4781820242604296 48.86644039479006 2.546150394790299 48.83039050698369 6049833.0 840
2.4781820242604296 48.86644039479006 2.505369057450745 48.84843023757905 2515271.0 840
2.4781820242604296 48.86644039479006 2.4645372955779905 48.85746834831053 2014677.0 840
2.4781820242604296 48.86644039479006 2.491777901106066 48.85743612477141 729410.0 840
2.5054273334007164 48.86640505055186 2.5326048852885963 48.84838867635409 3359527.0 842
2.573527774471451 48.8662894305076 2.586946608219436 48.821324230033355 413845.0 847
2.5844251774317417 48.86357268231393 2.586969859913632 48.83031184098843 243821.0 848
2.154625180562763 48.87492188393279 2.154625180562763 48.87492188393279 569739.0 850
2.164829122096333 48.87538632531793 2.164829122096333 48.87538632531793 3999914.0 851
2.1784541300211178 48.87540526197931 2.1784541300211178 48.87540526197931 3400652.0 852
2.192079147508501 48.8754226406965 2.2056813655879264 48.88442571068441 109842.0 853
2.219329207895566 48.87545272429257 2.2193087620500185 48.88443997588912 1779247.0 855
2.219329207895566 48.87545272429257 2.2329361656217785 48.88445268288688 1053297.0 855
2.2465792967064964 48.87547657609569 2.232954249157489 48.87546542916883 1311403.0 857
2.2465792967064964 48.87547657609569 2.2329361656217785 48.88445268288688 2674231.0 857
2.2602043497237014 48.87548616507219 2.2602043497237014 48.87548616507219 7343991.0 858
2.2738294073902185 48.87549419609751 2.2738294073902185 48.87549419609751 20799347.0 859
2.287454468887158 48.87550066917094 2.287454468887158 48.87550066917094 16588555.0 860
2.287454468887158 48.87550066917094 2.3010795333956287 48.875505584291915 10862896.0 860
2.287454468887158 48.87550066917094 2.301073261449697 48.88449284473775 4455420.0 860
2.3283296681716004 48.87551074067488 2.3147006904739014 48.884496202475404 15674479.0 863
2.3283296681716004 48.87551074067488 2.3283281208725723 48.88449800200121 1011459.0 863
2.3692060534064776 48.87550679089661 2.3828153221391677 48.85752764056485 176061.0 866
2.3692060534064776 48.87550679089661 2.3692005152264572 48.86651946414815 2972207.0 866
2.382831118786804 48.87550235842775 2.3828153221391677 48.85752764056485 9738390.0 867
2.396456181446202 48.87549636800624 2.3828153221391677 48.85752764056485 1329959.0 868
2.410081240565783 48.87548881963258 2.4100307759512964 48.839539130456494 158056.0 869
2.410081240565783 48.87548881963258 2.4100433855748467 48.84852665101431 1396786.0 869
2.410081240565783 48.87548881963258 2.4100686178798303 48.86650149583059 531454.0 869
2.4237062953266566 48.8754797133074 2.437296659544642 48.857494342128064 5040643.0 870
2.437331344909934 48.875469049031494 2.4373139992306294 48.86648172848684 131259.0 871
2.478206454405342 48.875427708509136 2.532571044402128 48.839401178587266 3003364.0 874
2.478206454405342 48.875427708509136 2.518986976816045 48.848410235549494 2764494.0 874
2.478206454405342 48.875427708509136 2.464559356607959 48.86645573037838 275018.0 874
2.478206454405342 48.875427708509136 2.4918046834641654 48.866423501514085 738625.0 874
2.478206454405342 48.875427708509136 2.4645814252681593 48.87544304663123 6055146.0 874
2.4918314750893993 48.875410812440734 2.546150394790299 48.83039050698369 1955153.0 875
2.4918314750893993 48.875410812440734 2.5054273334007164 48.86640505055186 3975869.0 875
2.505456486501455 48.87539235842752 2.5733358259937464 48.821352004075145 689528.0 876
2.505456486501455 48.87539235842752 2.5597635618458163 48.83036584162757 2110366.0 876
2.505456486501455 48.87539235842752 2.54618658215987 48.839378066052454 347974.0 876
2.505456486501455 48.87539235842752 2.5190499732516356 48.86638504190502 257802.0 876
2.5190814878226364 48.87537234647105 2.5462227820508083 48.84836555999469 1081850.0 877
2.1648132139168896 48.8843735658418 2.1648132139168896 48.8843735658418 6881221.0 885
2.178426597269965 48.88439250565932 2.178426597269965 48.88439250565932 10298274.0 886
2.1920539770548064 48.88440988727403 2.2056813655879264 48.88442571068441 1721339.0 887
2.246563575483897 48.88446383167663 2.2329361656217785 48.88445268288688 851741.0 891
2.273818410801961 48.88448145462821 2.260190990817062 48.884473422257344 3918458.0 893
2.273818410801961 48.88448145462821 2.273818410801961 48.88448145462821 6719644.0 893
2.287445834619278 48.88448792878853 2.301073261449697 48.88449284473775 1582471.0 894
2.287445834619278 48.88448792878853 2.3010669873099303 48.89348003891395 11030299.0 894
2.3555841638827113 48.884496926584646 2.341955734828849 48.87551099052935 6424891.0 899
2.3555841638827113 48.884496926584646 2.3555809861241155 48.87550966541241 1538857.0 899
2.3555841638827113 48.884496926584646 2.3419565501907798 48.8844982519106 4944940.0 899
2.3555841638827113 48.884496926584646 2.341957365817004 48.8934854470224 1417630.0 899
2.3555841638827113 48.884496926584646 2.3555873427249603 48.89348412148739 3238130.0 899
2.3692115934884823 48.88449405160381 2.3692115934884823 48.88449405160381 7470629.0 900
2.382839021191231 48.88448961841128 2.3828153221391677 48.85752764056485 430816.0 901
2.382839021191231 48.88448961841128 2.382823219103253 48.86651503240285 3765615.0 901
2.382839021191231 48.88448961841128 2.382839021191231 48.88448961841128 7994307.0 901
2.3964664461716403 48.88448362700741 2.3964664461716403 48.88448362700741 19199606.0 902
2.410093867610393 48.88447607739276 2.410093867610393 48.88447607739276 12699824.0 903
2.4237212846881744 48.884466969567924 2.437296659544642 48.857494342128064 1975611.0 904
2.4237212846881744 48.884466969567924 2.4373139992306294 48.86648172848684 58968.0 904
2.4237212846881744 48.884466969567924 2.4237212846881744 48.884466969567924 2921918.0 904
2.43734869658567 48.88445630353368 2.4509563884967296 48.875456826805745 2510961.0 905
2.450976102483567 48.88444407929096 2.4509563884967296 48.875456826805745 1208889.0 906
2.4646035015625563 48.884430296840826 2.4509563884967296 48.875456826805745 1747606.0 907
2.4782308930033308 48.88441495618443 2.4782308930033308 48.88441495618443 2775619.0 908
2.491858275986585 48.8843980573231 2.54618658215987 48.839378066052454 5008530.0 909
2.491858275986585 48.8843980573231 2.5326048852885963 48.84838867635409 41711.0 909
2.505485649693017 48.884379600258285 2.5733358259937464 48.821352004075145 141767.0 910
2.505485649693017 48.884379600258285 2.5462227820508083 48.84836555999469 2224610.0 910
2.519113013303329 48.884359584991564 2.559802107396197 48.83935339661407 662200.0 911
2.519113013303329 48.884359584991564 2.532672602198482 48.866363475575255 1010313.0 911
2.532740365998226 48.884338011524676 2.5733358259937464 48.821352004075145 42111.0 912
2.532740365998226 48.884338011524676 2.559802107396197 48.83935339661407 636882.0 912
2.532740365998226 48.884338011524676 2.5598406662850985 48.84834088647324 1765409.0 912
2.532740365998226 48.884338011524676 2.5598792385194535 48.85732831096945 324903.0 912
2.532740365998226 48.884338011524676 2.546295219422814 48.8663403515644 596319.0 912
2.532740365998226 48.884338011524676 2.559917824106197 48.86631566987448 814927.0 912
2.532740365998226 48.884338011524676 2.5463314569169064 48.8753276487354 458227.0 912
2.532740365998226 48.884338011524676 2.5599564230522693 48.87530296296006 841061.0 912
2.546367706958417 48.884314879859446 2.5599564230522693 48.87530296296006 268186.0 913
2.1681905084204365 48.89291641200634 2.1681905084204365 48.89291641200634 514626.0 919
2.178399054951182 48.893379683066435 2.178399054951182 48.893379683066435 5139874.0 920
2.1920287978527826 48.893397067579215 2.2056813655879264 48.88442571068441 61276.0 921
2.1920287978527826 48.893397067579215 2.1920287978527826 48.893397067579215 5797650.0 921
2.2056585495072163 48.89341289362895 2.219288309094752 48.89342716121429 395232.0 922
2.2465478487901995 48.89345102098696 2.2329361656217785 48.88445268288688 331123.0 925
2.2601776272586376 48.893460613172216 2.2601776272586376 48.893460613172216 11323935.0 926
2.273807410381233 48.893468646888905 2.273807410381233 48.893468646888905 6508594.0 927
2.2874371973382446 48.89347512213634 2.3010669873099303 48.89348003891395 5921011.0 928
2.314696779476545 48.8934833972213 2.3146928671039526 48.90247052546931 2891922.0 930
2.3283265730183453 48.893485197058084 2.3283281208725723 48.88449800200121 3109109.0 931
2.3283265730183453 48.893485197058084 2.3146928671039526 48.90247052546931 4415420.0 931
2.369217135473458 48.893481246041446 2.3555873427249603 48.89348412148739 1591471.0 934
2.369217135473458 48.893481246041446 2.355590522651421 48.9024712498923 1380201.0 934
2.382846926317947 48.89347681212508 2.382846926317947 48.89347681212508 8164588.0 935
2.382846926317947 48.89347681212508 2.3828548341683646 48.902463939340834 1247433.0 935
2.3964767144386836 48.8934708197387 2.3964767144386836 48.8934708197387 8503983.0 936
2.410106499015925 48.89346326888278 2.410106499015925 48.89346326888278 3805858.0 937
2.4237362792299275 48.893454159558004 2.4237362792299275 48.893454159558004 5780869.0 938
2.4373660542609534 48.89344349176511 2.4373660542609534 48.89344349176511 1908035.0 939
2.4373660542609534 48.89344349176511 2.4373834179389027 48.902430613497415 4201118.0 939
2.4509958232892624 48.89343126550504 2.4509563884967296 48.875456826805745 469089.0 940
2.4509958232892624 48.89343126550504 2.4509958232892624 48.89343126550504 1883561.0 940
2.4509958232892624 48.89343126550504 2.45101555091736 48.90241838521959 1616699.0 940
2.464625585495119 48.89341748077882 2.464625585495119 48.89341748077882 563514.0 941
2.464625585495119 48.89341748077882 2.478255340058789 48.89340213758764 215144.0 941
2.464625585495119 48.89341748077882 2.464647677069818 48.90240459821687 2549147.0 941
2.491885086160542 48.89338523593283 2.491885086160542 48.89338523593283 741599.0 943
2.491885086160542 48.89338523593283 2.5055148229806496 48.89336677581583 78380.0 943
2.5191445496993867 48.893346757238234 2.559802107396197 48.83935339661407 100133.0 945
2.5191445496993867 48.893346757238234 2.5462589944696195 48.85735298857475 194.0 945
2.5191445496993867 48.893346757238234 2.5327064782340747 48.87535077657307 101856.0 945
2.5191445496993867 48.893346757238234 2.532774265497033 48.893325180201714 42841.0 945
2.5464039695538707 48.89330204470821 2.5599564230522693 48.87530296296006 517653.0 947
2.1790645683440664 48.900570325488516 2.1790645683440664 48.900570325488516 1338613.0 954
2.1920088853083026 48.902384181383695 2.1920088853083026 48.902384181383695 5389382.0 955
2.2056357254933516 48.90240001007331 2.219288309094752 48.89342716121429 2213491.0 956
2.232899979675852 48.90242699128183 2.219288309094752 48.89342716121429 1307420.0 958
2.232899979675852 48.90242699128183 2.219267849026064 48.90241428003976 873085.0 958
2.2465321166225536 48.90243814379838 2.2329180757956584 48.89343987033401 6572115.0 959
2.2465321166225536 48.90243814379838 2.2465321166225536 48.90243814379838 1219191.0 959
2.260164259046004 48.90244773758845 2.260164259046004 48.90244773758845 15111990.0 960
2.273796406126038 48.90245577265123 2.301060710975182 48.90246716659215 9220256.0 961
2.287428557042487 48.90246224898597 2.301060710975182 48.90246716659215 6440003.0 962
2.3283250246086267 48.902472325617154 2.3146928671039526 48.90247052546931 283971.0 965
2.369222679362391 48.90246837398115 2.355590522651421 48.9024712498923 4443291.0 968
2.396486986249172 48.902457945971705 2.396497261604946 48.911445005478086 1316872.0 970
2.396486986249172 48.902457945971705 2.396507540507848 48.920431998029414 957606.0 970
2.396486986249172 48.902457945971705 2.4101444194207113 48.92042444344834 1089888.0 970
2.410119134784643 48.90245039387433 2.410131774918815 48.91143745213899 980137.0 971
2.410119134784643 48.90245039387433 2.4101444194207113 48.92042444344834 831943.0 971
2.423751278954609 48.9024412830493 2.4101444194207113 48.92042444344834 2757213.0 972
2.478279795576115 48.90238925249043 2.478279795576115 48.90238925249043 6297611.0 976
2.491911905616095 48.902372348041595 2.491911905616095 48.902372348041595 1835084.0 977
2.505544006369602 48.902353884871815 2.505573199865129 48.911340927197834 2108390.0 978
2.505544006369602 48.902353884871815 2.505602403472486 48.920327902565475 697291.0 978
2.5191760970164863 48.90233386298266 2.532774265497033 48.893325180201714 1922066.0 979
2.5191760970164863 48.90233386298266 2.532808176736598 48.90231228237589 367291.0 979
2.5191760970164863 48.90233386298266 2.505602403472486 48.920327902565475 1096108.0 979
2.5191760970164863 48.90233386298266 2.5192392244365327 48.92030787405136 1453078.0 979
2.546440244709796 48.90228914305334 2.5599564230522693 48.87530296296006 1770327.0 981
2.5600723001159387 48.90226444501697 2.5600336610501877 48.89328125324141 503476.0 982
2.5852913903401813 48.9022190440788 2.5688061572081136 48.8748382283499 339255.0 984
2.5852913903401813 48.9022190440788 2.5736673200064306 48.89416201183634 24644.0 984
2.5852913903401813 48.9022190440788 2.5825369717696285 48.89637887038751 150420.0 984
2.2056237019662066 48.91138705978911 2.219267849026064 48.90241428003976 165723.0 990
2.2056237019662066 48.91138705978911 2.209631761354732 48.94060132563566 677387.0 990
2.2056237019662066 48.91138705978911 2.2089327697912005 48.94733919859996 114910.0 990
2.2328818772590804 48.91141404550194 2.219267849026064 48.90241428003976 3555358.0 992
2.2328818772590804 48.91141404550194 2.2192473818402485 48.91140133213712 120878.0 992
2.2328818772590804 48.91141404550194 2.2328818772590804 48.91141404550194 7677966.0 992
2.2328818772590804 48.91141404550194 2.2192366550009703 48.92038831727797 491047.0 992
2.2465163789781064 48.91142519988246 2.2465163789781064 48.91142519988246 10400235.0 993
2.260150886176736 48.91143479527769 2.260150886176736 48.91143479527769 4370664.0 994
2.2737853980343763 48.9114428316868 2.301060710975182 48.90246716659215 802116.0 995
2.2737853980343763 48.9114428316868 2.2737853980343763 48.9114428316868 1522384.0 995
2.2737853980343763 48.9114428316868 2.2874199137304316 48.911449309109095 427988.0 995
2.328323475643125 48.911459387450016 2.3146928671039526 48.90247052546931 1119858.0 999
2.328323475643125 48.911459387450016 2.341958181707657 48.90247257563639 924760.0 999
2.328323475643125 48.911459387450016 2.3146889533554043 48.91145758699107 3800982.0 999
2.355593703662656 48.91145831157099 2.341958181707657 48.90247257563639 1024860.0 1001
2.355593703662656 48.91145831157099 2.355590522651421 48.9024712498923 760725.0 1001
2.3692282251562693 48.91145543519453 2.382862744743899 48.91145099983011 1285579.0 1002
2.3692282251562693 48.91145543519453 2.3692337728560813 48.9204424294532 749214.0 1002
2.3692282251562693 48.91145543519453 2.3828706580459635 48.92043799336454 3119515.0 1002
2.4237662838649108 48.911428339813426 2.4101444194207113 48.92042444344834 736099.0 1006
2.4783042595597085 48.91137630066437 2.4646697762906262 48.911391648926575 1171137.0 1010
2.4783042595597085 48.91137630066437 2.4919655723912975 48.920346371842584 1653382.0 1010
2.4919387343580697 48.91135939342099 2.505602403472486 48.920327902565475 1142361.0 1011
2.5192076552603067 48.91132090199652 2.5192392244365327 48.92030787405136 744881.0 1013
2.5328420997230285 48.911299317818774 2.5192392244365327 48.92030787405136 2395182.0 1014
2.5464765324327256 48.91127617466642 2.5464765324327256 48.91127617466642 3321511.0 1015
2.5464765324327256 48.91127617466642 2.532876034462436 48.92028628630193 182269.0 1015
2.5601109525688304 48.91125147254148 2.559297784411407 48.88429149840013 495305.0 1016
2.5601109525688304 48.91125147254148 2.5600336610501877 48.89328125324141 247098.0 1016
2.5601109525688304 48.91125147254148 2.5736673200064306 48.89416201183634 189272.0 1016
2.5601109525688304 48.91125147254148 2.5601109525688304 48.91125147254148 1808951.0 1016
2.57374535931078 48.91122521144608 2.5736673200064306 48.89416201183634 818837.0 1017
2.57374535931078 48.91122521144608 2.5737043421348926 48.902238188268946 671333.0 1017
2.586680239075015 48.911200313460284 2.5736673200064306 48.89416201183634 1646990.0 1018
2.232863768542062 48.920401032765966 2.2192366550009703 48.92038831727797 1073702.0 1026
2.232863768542062 48.920401032765966 2.219165441851515 48.94734886867674 1857915.0 1026
2.246500635854004 48.920412189010804 2.246500635854004 48.920412189010804 1081917.0 1027
2.246500635854004 48.920412189010804 2.232845653521514 48.929387952845445 2915248.0 1027
2.246500635854004 48.920412189010804 2.2464848872473917 48.929399110954954 1787217.0 1027
2.246500635854004 48.920412189010804 2.2328275321941513 48.93837480551187 414767.0 1027
2.246500635854004 48.920412189010804 2.2328094045566846 48.94736159053676 482283.0 1027
2.2601375086484063 48.92042178601149 2.2601375086484063 48.92042178601149 6603804.0 1028
2.273774386104247 48.92042982376721 2.273774386104247 48.92042982376721 302353.0 1029
2.287411267400506 48.920436302277245 2.3010544324443067 48.911454227543985 183782.0 1030
2.301048151716159 48.92044122154104 2.3010544324443067 48.911454227543985 5519836.0 1031
2.3419598142827827 48.92044663245741 2.3419589978628714 48.9114596375242 720577.0 1034
2.3419598142827827 48.92044663245741 2.328321926121547 48.92044638232826 1436333.0 1034
2.437418163315284 48.920404656551085 2.42378129396353 48.92041532962199 4199952.0 1041
2.451055026654953 48.92039242423659 2.4374007876226385 48.911417668502224 898160.0 1042
2.451055026654953 48.92039242423659 2.4510352853714075 48.91140543820625 1477492.0 1042
2.451055026654953 48.92039242423659 2.464691883161521 48.920378632679515 380396.0 1042
2.4783287320139733 48.92036328188109 2.4919655723912975 48.920346371842584 759019.0 1044
2.5601496184158252 48.92023843310475 2.5465128327291975 48.92026313931906 680108.0 1050
2.5601496184158252 48.92023843310475 2.5601496184158252 48.92023843310475 520580.0 1050
2.573786390701329 48.92021216766112 2.573786390701329 48.92021216766112 1273239.0 1051
2.5860593559978438 48.92018871513989 2.5860593559978438 48.92018871513989 667313.0 1052
2.5860593559978438 48.92018871513989 2.5990640878362035 48.93005265488421 10478.0 1052
2.260124126458585 48.92940870956143 2.2328094045566846 48.94736159053676 1502942.0 1062
2.260124126458585 48.92940870956143 2.2464533735751955 48.94737275237674 2167353.0 1062
2.2737633703336497 48.929416748663996 2.2737633703336497 48.929416748663996 2540844.0 1063
2.2737633703336497 48.929416748663996 2.2600973480847477 48.94738235419569 1294913.0 1063
2.2737633703336497 48.929416748663996 2.2600839518958633 48.95636907482297 1058317.0 1063
2.2874026180511353 48.92942322826201 2.2874026180511353 48.92942322826201 5233622.0 1064
2.3010418687895897 48.92942814835484 2.3010544324443067 48.911454227543985 2121976.0 1065
2.3010418687895897 48.92942814835484 2.3010418687895897 48.92942814835484 7688803.0 1065
2.3146811217275625 48.92943150894209 2.3146850382301807 48.92044458155814 222619.0 1066
2.3146811217275625 48.92943150894209 2.3146811217275625 48.92943150894209 5314274.0 1066
2.3283203760435995 48.92943331002343 2.328321926121547 48.92044638232826 407890.0 1067
2.3283203760435995 48.92943331002343 2.3283203760435995 48.92943331002343 3765398.0 1067
2.3419606309675247 48.929433560207556 2.3419606309675247 48.929433560207556 6330596.0 1068
2.3556000689416914 48.92943223383598 2.355596885759226 48.92044530629502 1329152.0 1069
2.3556000689416914 48.92943223383598 2.3692337728560813 48.9204424294532 3091054.0 1069
2.3556000689416914 48.92943223383598 2.3556000689416914 48.92943223383598 4125519.0 1069
2.3556000689416914 48.92943223383598 2.3828785740759755 48.92942491971563 276770.0 1069
2.369239322462815 48.92942935652867 2.3828785740759755 48.92942491971563 981538.0 1070
2.423796309253164 48.92940225224649 2.4101444194207113 48.92042444344834 992441.0 1074
2.423796309253164 48.92940225224649 2.410157068292601 48.92941136757396 1011739.0 1074
2.4374355450199627 48.929391577415586 2.4101444194207113 48.92042444344834 64499.0 1075
2.4374355450199627 48.929391577415586 2.42378129396353 48.92041532962199 1863652.0 1075
2.4510747747715507 48.92937934308216 2.4510747747715507 48.92937934308216 4928299.0 1076
2.464713997686482 48.929365549247265 2.464691883161521 48.920378632679515 2199424.0 1077
2.464713997686482 48.929365549247265 2.464713997686482 48.929365549247265 1510888.0 1077
2.4783532129433157 48.92935019591209 2.4919655723912975 48.920346371842584 85506.0 1078
2.4783532129433157 48.92935019591209 2.505602403472486 48.920327902565475 560943.0 1078
2.4783532129433157 48.92935019591209 2.4783532129433157 48.92935019591209 6944977.0 1078
2.4783532129433157 48.92935019591209 2.4920192763508497 48.9383201268986 4455381.0 1078
2.4919924197206123 48.92933328307795 2.505602403472486 48.920327902565475 1931787.0 1079
2.4919924197206123 48.92933328307795 2.5056316171969355 48.9293148107463 44911.0 1079
2.5329099809609343 48.929273187596934 2.5192708045508523 48.92929477891872 604067.0 1082
2.5465491456057556 48.92925003678282 2.5192708045508523 48.92929477891872 69506.0 1083
2.5465491456057556 48.92925003678282 2.5329439392246433 48.938260021475315 156483.0 1083
2.5465491456057556 48.92925003678282 2.5466218091253174 48.947223629229654 1409747.0 1083
2.5601882976638946 48.92922532647834 2.5601882976638946 48.92922532647834 785804.0 1084
2.5601882976638946 48.92922532647834 2.5602656963911588 48.947198910742486 1708051.0 1084
2.5738274363139366 48.92919905668565 2.5738274363139366 48.92919905668565 296569.0 1085
2.5738274363139366 48.92919905668565 2.5874665607344687 48.929172692828274 7751.0 1085
2.2191859375429455 48.93836622892022 2.2089327697912005 48.94733919859996 761895.0 1093
2.2464691331554083 48.93838596548644 2.2328094045566846 48.94736159053676 1924888.0 1095
2.2601107396048428 48.938395565699 2.2600973480847477 48.94738235419569 102367.0 1096
2.2601107396048428 48.938395565699 2.246437608503892 48.95635947139729 1946289.0 1096
2.273752350720581 48.938403606148704 2.2600839518958633 48.95636907482297 2168878.0 1097
2.287393965680743 48.938410086834864 2.273741327263035 48.9473903959928 10580.0 1098
2.287393965680743 48.938410086834864 2.2600839518958633 48.95636907482297 103874.0 1098
2.287393965680743 48.938410086834864 2.2737302999590074 48.95637711796773 2499731.0 1098
2.3010355836634524 48.93841500775692 2.3010355836634524 48.93841500775692 2988585.0 1099
2.3010355836634524 48.93841500775692 2.3010292963365973 48.947401799518765 181514.0 1099
2.314677203846828 48.93841836891443 2.314677203846828 48.93841836891443 2841716.0 1100
2.3283188254089895 48.93842017030707 2.3283188254089895 48.93842017030707 1520216.0 1101
2.3419614479172317 48.93842042054618 2.3419614479172317 48.93842042054618 7147078.0 1102
2.3556032532106164 48.93841909396534 2.3556032532106164 48.93841909396534 3554817.0 1103
2.36924487397746 48.93841621619248 2.3828785740759755 48.92942491971563 1613127.0 1104
2.3828864928353513 48.938411778654924 2.3828785740759755 48.92942491971563 2398846.0 1105
2.3828864928353513 48.938411778654924 2.396517822959721 48.929418923397215 674285.0 1105
2.4238113297365125 48.93838910745848 2.410157068292601 48.92941136757396 1284040.0 1108
2.4510945297247533 48.93836619451449 2.4510945297247533 48.93836619451449 5184302.0 1110
2.4647361198694906 48.93835239840133 2.4647361198694906 48.93835239840133 848427.0 1111
2.4783777023521454 48.93833704252893 2.4920192763508497 48.9383201268986 2817549.0 1112
2.4783777023521454 48.93833704252893 2.492046142286851 48.947306903076026 885069.0 1112
2.5193023956089577 48.93828161637013 2.5192708045508523 48.92929477891872 149174.0 1115
2.5193023956089577 48.93828161637013 2.505660841043741 48.93830165151181 71353.0 1115
2.5193023956089577 48.93828161637013 2.5056900750181703 48.94728842463351 71465.0 1115
2.5465854710689446 48.938236866829186 2.5466218091253174 48.947223629229654 378359.0 1117
2.5602269903200128 48.938212152433756 2.5602656963911588 48.947198910742486 118103.0 1118
2.5738684961560043 48.938185878291144 2.573909570234939 48.94717263224911 49516.0 1119
2.5738684961560043 48.938185878291144 2.573950658558153 48.956159318331004 172909.0 1119
2.5875099877550785 48.938158044403615 2.573950658558153 48.956159318331004 130873.0 1120
2.5990934973798696 48.938133258313094 2.5990640878362035 48.93005265488421 32859.0 1121
2.287385310287754 48.947396877767346 2.2737302999590074 48.95637711796773 25488.0 1132
2.314673284587257 48.94740516124663 2.314673284587257 48.94740516124663 588562.0 1134
2.328317274217423 48.94740696295064 2.328317274217423 48.94740696295064 2655638.0 1135
2.3556064385665616 48.94740588645463 2.3556064385665616 48.94740588645463 3473526.0 1137
2.369250427401007 48.94740300821613 2.369250427401007 48.94740300821613 3285445.0 1138
2.382894414325509 48.947398569953904 2.396517822959721 48.929418923397215 373224.0 1139
2.382894414325509 48.947398569953904 2.3965281089624098 48.93840578135304 337817.0 1139
2.382894414325509 48.947398569953904 2.3965383985177593 48.94739257166836 650274.0 1139
2.410182379155451 48.94738501335999 2.410157068292601 48.92941136757396 220350.0 1141
2.410182379155451 48.94738501335999 2.3965281089624098 48.93840578135304 169023.0 1141
2.410182379155451 48.94738501335999 2.4101697215367563 48.93839822428735 232465.0 1141
2.423826355416277 48.94737589502944 2.423826355416277 48.94737589502944 970843.0 1142
2.437470326477934 48.94736521667748 2.437452932739803 48.93837843086722 1398367.0 1143
2.437470326477934 48.94736521667748 2.437470326477934 48.94736521667748 225599.0 1143
2.4511142915181185 48.94735297830506 2.4511142915181185 48.94735297830506 5608996.0 1144
2.4647582497145315 48.94733917991319 2.4647582497145315 48.94733917991319 3267460.0 1145
2.478402200244874 48.947323821503076 2.492046142286851 48.947306903076026 462843.0 1146
2.5193339976165445 48.9472683861771 2.533011891072193 48.95623348606805 1044603.0 1149
2.5193339976165445 48.9472683861771 2.5330458846682946 48.96522011632529 942473.0 1149
2.532977909259687 48.947246787708536 2.533011891072193 48.95623348606805 520143.0 1150
2.5875400388230974 48.94714479375183 2.573950658558153 48.956159318331004 71456.0 1154
2.20823158244731 48.956325162755434 2.2089327697912005 48.94733919859996 2334.0 1160
2.2873766518705896 48.956383600830875 2.2737302999590074 48.95637711796773 1482179.0 1166
2.2873766518705896 48.956383600830875 2.273724156149584 48.96266643062775 212324.0 1166
2.314669363948126 48.956391885710175 2.301023006807874 48.956388523411846 126390.0 1168
2.314669363948126 48.956391885710175 2.314669363948126 48.956391885710175 2753776.0 1168
2.314669363948126 48.956391885710175 2.3010193324047457 48.96402604012168 44669.0 1168
2.3283157224686084 48.956393341330255 2.3283157224686084 48.956393341330255 1205151.0 1169
2.341963137695386 48.956393938074726 2.3419622651320386 48.947407213244745 1243449.0 1170
2.341963137695386 48.956393938074726 2.341963137695386 48.956393938074726 489771.0 1170
2.355609625010091 48.9563926110753 2.355609625010091 48.9563926110753 2370063.0 1171
2.3692559827344475 48.95638973237105 2.3692559827344475 48.95638973237105 255852.0 1172
2.3829023385478685 48.956385293384045 2.3829023385478685 48.956385293384045 585582.0 1173
2.3829023385478685 48.956385293384045 2.3829084426793306 48.96537194871674 31389.0 1173
2.3965469695196813 48.95637929411464 2.3965383985177593 48.94739257166836 525098.0 1174
2.3965469695196813 48.95637929411464 2.3931418776591507 48.96312109006752 78893.0 1174
2.410192271138185 48.95457440107012 2.410192271138185 48.95457440107012 595242.0 1175
2.423839764278612 48.95590989861598 2.423839764278612 48.95590989861598 1172316.0 1176
2.437483079032598 48.95545326885334 2.437483079032598 48.95545326885334 820672.0 1177
2.451127772770386 48.95409302773079 2.451127772770386 48.95409302773079 1288001.0 1178
2.4647803872255922 48.956323070762885 2.4647803872255922 48.956323070762885 3730984.0 1179
2.478426706625918 48.95631053260598 2.492046142286851 48.947306903076026 3432972.0 1180
2.4920730175334596 48.95629361138168 2.5056900750181703 48.94728842463351 1949838.0 1181
2.4920730175334596 48.95629361138168 2.519428869393212 48.97422828744559 197170.0 1181
2.5057193191254967 48.956275129882826 2.5193656105793125 48.95625508811105 930144.0 1182
2.5057193191254967 48.956275129882826 2.519397234502966 48.965241721943414 1272.0 1182
2.5057193191254967 48.956275129882826 2.5330458846682946 48.96522011632529 186970.0 1182
2.5057193191254967 48.956275129882826 2.5330798900541263 48.97420667825165 652029.0 1182
2.5057193191254967 48.956275129882826 2.5331139072358306 48.983193171618474 377475.0 1182
2.5603044158843162 48.95618560117596 2.5466581597814297 48.9562103237557 269327.0 1186
2.5603044158843162 48.95618560117596 2.573950658558153 48.956159318331004 149888.0 1186
2.5603044158843162 48.95618560117596 2.5467308989191193 48.97418350827008 849480.0 1186
2.5603044158843162 48.95618560117596 2.5467672874138314 48.983169997801205 839721.0 1186
2.5603044158843162 48.95618560117596 2.5604206549657738 48.983145262939104 477889.0 1186
2.5603044158843162 48.95618560117596 2.5468036885345526 48.992156418543374 373323.0 1186
2.5603044158843162 48.95618560117596 2.574104568880568 48.99210537932579 279420.0 1186
2.5603044158843162 48.95618560117596 2.5727715410847067 49.001094493376925 22172.0 1186
2.5848499255791015 48.95568796205836 2.574104568880568 48.99210537932579 32886.0 1188
2.219130939026845 48.96532223063757 2.2089327697912005 48.94733919859996 427522.0 1195
2.219130939026845 48.96532223063757 2.2191449390243916 48.95633558370669 55513.0 1195
2.219130939026845 48.96532223063757 2.2327912706058246 48.95634830769154 113866.0 1195
2.2327731303382787 48.96533146631653 2.2327912706058246 48.95634830769154 2714234.0 1196
2.24642438197355 48.96399404139265 2.246437608503892 48.95635947139729 313138.0 1197
2.24642438197355 48.96399404139265 2.260075657120046 48.96220740757133 445428.0 1197
2.3133024753503277 48.962232257184226 2.3010193324047457 48.96402604012168 523640.0 1202
2.3433282375205495 48.96268449700912 2.3433282375205495 48.96268449700912 1315568.0 1204
2.355612812541767 48.96537861483782 2.355612812541767 48.96537861483782 1737401.0 1205
2.468208575935638 48.96305936284102 2.468208575935638 48.96305936284102 217888.0 1213
2.468208575935638 48.96305936284102 2.4928022676866375 48.97201225980942 244390.0 1213
2.468208575935638 48.96305936284102 2.5092095051235823 48.98008093943142 54281.0 1213
2.468208575935638 48.96305936284102 2.522223089462243 48.9921918708098 167099.0 1213
2.478451221499696 48.96528994540475 2.4928022676866375 48.97201225980942 63663.0 1214
2.478451221499696 48.96528994540475 2.505777837759943 48.9742464713201 344395.0 1214
2.478451221499696 48.96528994540475 2.519460515255763 48.983210711252624 998847.0 1214
2.478451221499696 48.96528994540475 2.5331479362195517 48.99217959619712 253492.0 1214
2.4920999020955223 48.96528025158696 2.5331139072358306 48.983193171618474 108138.0 1215
2.5057485733709948 48.965261767031215 2.519428869393212 48.97422828744559 387334.0 1216
2.5057485733709948 48.965261767031215 2.5331139072358306 48.983193171618474 47321.0 1216
2.546694523043842 48.9651969501787 2.5330798900541263 48.97420667825165 153302.0 1219
2.5603431488064747 48.96517222350564 2.560373906669816 48.97415877750289 454660.0 1220
2.5603431488064747 48.96517222350564 2.5604206549657738 48.983145262939104 639844.0 1220
2.5603431488064747 48.96517222350564 2.5604594282169164 48.99213167958556 336542.0 1220
2.5739727282657876 48.96514593630825 2.574076006364592 48.98357918312265 604665.0 1221
2.5739727282657876 48.96514593630825 2.574104568880568 48.99210537932579 22677.0 1221
2.369264738129921 48.972116038414626 2.369261539978771 48.96537638842869 312015.0 1240
2.369264738129921 48.972116038414626 2.369264738129921 48.972116038414626 1299906.0 1240
2.3795019528225083 48.97076531983981 2.3829084426793306 48.96537194871674 84726.0 1241
2.505777837759943 48.9742464713201 2.5331139072358306 48.983193171618474 312225.0 1250
2.5604594282169164 48.99213167958556 2.5604982149250644 49.001118027213586 30482.0 1322
2.5331819770114388 49.001161564935046 2.5331479362195517 48.99217959619712 122928.0 1354
2.5331819770114388 49.001161564935046 2.546840102287862 49.001142770267904 112556.0 1354
2.5331819770114388 49.001161564935046 2.5604982149250644 49.001118027213586 9122.0 1354
