2.239166870013413 48.832780481011014 2.2418896376259987 48.832782693073256 37187.0 72037
2.239166870013413 48.832780481011014 2.243251021518807 48.83278377575353 10796.0 72037
2.240528253790595 48.832781594825754 2.2418896376259987 48.832782693073256 10387.0 72038
2.2527807103071886 48.83279091863325 2.251419326035418 48.83278994492353 3451.0 72047
2.25414209462983 48.83279187677574 2.2541377757749155 48.835488154073396 67632.0 72048
2.255503479002524 48.832792819350985 2.254134896288002 48.8372856690209 65250.0 72049
2.255503479002524 48.832792819350985 2.2541334564694475 48.838184425518676 27225.0 72049
2.256864863424455 48.83279374635901 2.2554978147565925 48.83638785451071 443.0 72050
2.256864863424455 48.83279374635901 2.2541334564694475 48.838184425518676 113030.0 72050
2.258226247894804 48.8327946577998 2.2554963985719985 48.83728661167498 116014.0 72051
2.2595876324127566 48.832795553673364 2.256859293505941 48.83638878158078 21741.0 72052
2.2595876324127566 48.832795553673364 2.2554963985719985 48.83728661167498 108471.0 72052
2.2609490169774946 48.832796433979695 2.2582221412729035 48.83549093523705 138784.0 72053
2.262310401588201 48.8327972987188 2.256857900905244 48.83728753876056 109608.0 72054
2.262310401588201 48.8327972987188 2.2554949823381554 48.83818536818855 42586.0 72054
2.2636717862440605 48.83279814789064 2.2568565082561145 48.838186295289624 138034.0 72055
2.2650331709442537 48.83279898149528 2.2582194032869216 48.83728845027762 56963.0 72056
2.2650331709442537 48.83279898149528 2.2568565082561145 48.838186295289624 61593.0 72056
2.2391651710584553 48.83367924056962 2.243251021518807 48.83278377575353 94503.0 72383
2.2391651710584553 48.83367924056962 2.2446124054682035 48.832784842866594 26382.0 72383
2.2405265784162323 48.83368035440296 2.2446124054682035 48.832784842866594 91763.0 72384
2.2418879858322347 48.83368145266883 2.2446124054682035 48.832784842866594 21964.0 72385
2.2418879858322347 48.83368145266883 2.245973789473372 48.83278589441244 31768.0 72385
2.2432493933056437 48.833682535367195 2.245973789473372 48.83278589441244 3399.0 72386
2.2486950237570262 48.83368671048589 2.247333616062153 48.83368569005744 15854.0 72390
2.2500564315052225 48.833687715346855 2.2486965576477536 48.83278795080244 47162.0 72391
2.2500564315052225 48.833687715346855 2.250057941815334 48.832788955646606 11879.0 72391
2.2500564315052225 48.833687715346855 2.252771930650808 48.83818346728003 17914.0 72391
2.2514178393059248 48.83368870464034 2.251419326035418 48.83278994492353 6145.0 72392
2.2514178393059248 48.83368870464034 2.2527733940540724 48.83728471079828 56266.0 72392
2.2514178393059248 48.83368870464034 2.252771930650808 48.83818346728003 22664.0 72392
2.2527792471583172 48.83368967836631 2.2541334564694475 48.838184425518676 83351.0 72393
2.2541406550615823 48.833690636524835 2.254134896288002 48.8372856690209 86287.0 72394
2.255502063014903 48.833691579115865 2.2541334564694475 48.838184425518676 90775.0 72395
2.256863471017462 48.83369250613939 2.2554978147565925 48.83638785451071 97100.0 72396
2.258224879068444 48.83369341759544 2.256860686058208 48.835490023750495 2142.0 72397
2.258224879068444 48.83369341759544 2.2554963985719985 48.83728661167498 102969.0 72397
2.2595862871670302 48.83369431348399 2.256859293505941 48.83638878158078 9573.0 72398
2.2595862871670302 48.83369431348399 2.2554949823381554 48.83818536818855 108535.0 72398
2.260947695312405 48.833695193805056 2.2554949823381554 48.83818536818855 126287.0 72399
2.2623091035037506 48.83369605855863 2.2609463736013433 48.834593952980605 103226.0 72400
2.2623091035037506 48.83369605855863 2.2568565082561145 48.838186295289624 42092.0 72400
2.2636705117402505 48.83369690774471 2.2568565082561145 48.838186295289624 128693.0 72401
2.265031920021088 48.83369774136328 2.2595809057162137 48.83728934622613 25099.0 72402
2.265031920021088 48.83369774136328 2.2568565082561145 48.838186295289624 92660.0 72402
2.239163472044454 48.83457799947842 2.245973789473372 48.83278589441244 68914.0 72729
2.239163472044454 48.83457799947842 2.239163472044454 48.83457799947842 120491.0 72729
2.240524902983644 48.83457911333036 2.245973789473372 48.83278589441244 58824.0 72730
2.240524902983644 48.83457911333036 2.247335173533494 48.832786930391045 99361.0 72730
2.2418863339810615 48.834580211614565 2.247335173533494 48.832786930391045 8511.0 72731
2.2418863339810615 48.834580211614565 2.2446108008356456 48.8336836024981 50529.0 72731
2.2418863339810615 48.834580211614565 2.245972208421421 48.833684654061514 75527.0 72731
2.24324776503589 48.834581294331045 2.245972208421421 48.833684654061514 8258.0 72732
2.24324776503589 48.834581294331045 2.247333616062153 48.83368569005744 40859.0 72732
2.24324776503589 48.834581294331045 2.2459706273145126 48.83458341306077 19563.0 72732
2.244609196147313 48.834582361479775 2.2459706273145126 48.83458341306077 10981.0 72733
2.2486934898129753 48.834585469519524 2.251410404883055 48.83818249347262 18968.0 72736
2.2486934898129753 48.834585469519524 2.252770467196658 48.83908222311085 29705.0 72736
2.250054921142604 48.8345864743973 2.252770467196658 48.83908222311085 127124.0 72737
2.2514163525247417 48.834587463707315 2.252771930650808 48.83818346728003 151631.0 72738
2.2527777839585728 48.8345884374496 2.2541334564694475 48.838184425518676 143981.0 72739
2.2541392154432787 48.83458939562412 2.254134896288002 48.8372856690209 100518.0 72740
2.2555006469780423 48.834590338230925 2.2541334564694475 48.838184425518676 73334.0 72741
2.256862078562048 48.834591265269964 2.2554978147565925 48.83638785451071 24198.0 72742
2.256862078562048 48.834591265269964 2.2554963985719985 48.83728661167498 27238.0 72742
2.256862078562048 48.834591265269964 2.2541320166008227 48.839083181365524 24718.0 72742
2.258223510194478 48.83459217674125 2.256859293505941 48.83638878158078 89563.0 72743
2.259584941874515 48.83459307264479 2.2554949823381554 48.83818536818855 107630.0 72744
2.2609463736013433 48.834593952980605 2.259583596535209 48.835491831155586 212201.0 72745
2.262307805374144 48.83459481774865 2.260945051844307 48.83549271150612 115710.0 72746
2.262307805374144 48.83459481774865 2.2595822511491095 48.836390589016105 5671.0 72746
2.2636692371921026 48.83459566694894 2.260943730041295 48.836391469381375 20776.0 72747
2.2636692371921026 48.83459566694894 2.258218034222508 48.83818720682193 99593.0 72747
2.2650306690544006 48.83459650058149 2.258218034222508 48.83818720682193 117057.0 72748
2.239161772971408 48.83547675773718 2.239161772971408 48.83547675773718 219858.0 73075
2.2405232274928277 48.835477871607736 2.245965883664012 48.837279686157416 11951.0 73076
2.2405232274928277 48.835477871607736 2.2514089178433814 48.83908124928715 59421.0 73076
2.2405232274928277 48.835477871607736 2.252770467196658 48.83908222311085 97385.0 73076
2.2418846820724774 48.8354789699103 2.244605986603312 48.8363798774928 152178.0 73077
2.2432461367095415 48.835480052644854 2.252770467196658 48.83908222311085 89869.0 73078
2.2446075914032027 48.835481119811426 2.2473320585366716 48.83458444907402 9962.0 73079
2.2446075914032027 48.835481119811426 2.251410404883055 48.83818249347262 39191.0 73079
2.245969046152643 48.83548217140999 2.251410404883055 48.83818249347262 9222.0 73080
2.2473305009570472 48.83548320744056 2.250050389739679 48.83728274764749 13473.0 73081
2.2473305009570472 48.83548320744056 2.251410404883055 48.83818249347262 1592.0 73081
2.2486919558155973 48.83548422790314 2.251410404883055 48.83818249347262 51231.0 73082
2.2500534107274754 48.835485232797694 2.2514118918710255 48.83728373700714 81934.0 73083
2.2500534107274754 48.835485232797694 2.252770467196658 48.83908222311085 36634.0 73083
2.251414865691866 48.83548622212427 2.252771930650808 48.83818346728003 140424.0 73084
2.252776320707952 48.835487195882834 2.2527733940540724 48.83728471079828 131739.0 73085
2.2541377757749155 48.835488154073396 2.254136336056491 48.83638691187238 69521.0 73086
2.2541377757749155 48.835488154073396 2.254134896288002 48.8372856690209 53824.0 73086
2.2554992308919397 48.83548909669595 2.2541334564694475 48.838184425518676 4495.0 73087
2.2582221412729035 48.83549093523705 2.2554949823381554 48.83818536818855 175682.0 73089
2.259583596535209 48.835491831155586 2.258220772303719 48.836389693082566 80659.0 73090
2.259583596535209 48.835491831155586 2.256857900905244 48.83728753876056 202692.0 73090
2.260945051844307 48.83549271150612 2.2582194032869216 48.83728845027762 183991.0 73091
2.2623065071993813 48.83549357628865 2.260943730041295 48.836391469381375 83483.0 73092
2.263667962599615 48.83549442550316 2.258218034222508 48.83818720682193 100501.0 73093
2.2650294180441897 48.83549525914965 2.260942408192304 48.83729022660614 35685.0 73094
2.2650294180441897 48.83549525914965 2.258218034222508 48.83818720682193 46785.0 73094
2.2650294180441897 48.83549525914965 2.25957956023652 48.83818810278545 35780.0 73094
2.2391600738393143 48.836375515345665 2.2459643023372444 48.83817844255516 27454.0 73421
2.2391600738393143 48.836375515345665 2.2500473685418108 48.839080259894395 166048.0 73421
2.2405215519437798 48.836376629234834 2.247325827893283 48.8381794786377 44223.0 73422
2.2405215519437798 48.836376629234834 2.2514089178433814 48.83908124928715 105491.0 73422
2.241883030106479 48.83637772755574 2.2514089178433814 48.83908124928715 137562.0 73423
2.2432445083265957 48.836378810308396 2.245965883664012 48.837279686157416 84000.0 73424
2.244605986603312 48.8363798774928 2.247327385635355 48.83728072222262 6982.0 73425
2.244605986603312 48.8363798774928 2.2500488791670055 48.838181504096426 127892.0 73425
2.244605986603312 48.8363798774928 2.252770467196658 48.83908222311085 68136.0 73425
2.245967464935811 48.836380929108955 2.2486888876608497 48.83728174271932 5335.0 73426
2.245967464935811 48.836380929108955 2.251410404883055 48.83818249347262 902.0 73426
2.247328943323276 48.836381965156846 2.251410404883055 48.83818249347262 9694.0 73427
2.2486904217648895 48.83638298563647 2.251410404883055 48.83818249347262 28366.0 73428
2.2500519002598347 48.836383990547844 2.251410404883055 48.83818249347262 61204.0 73429
2.251413378807295 48.83638497989095 2.252771930650808 48.83818346728003 54774.0 73430
2.251413378807295 48.83638497989095 2.252770467196658 48.83908222311085 3312.0 73430
2.2527748574064526 48.83638595366581 2.2527733940540724 48.83728471079828 18242.0 73431
2.260943730041295 48.836391469381375 2.2595809057162137 48.83728934622613 127617.0 73437
2.262305208979459 48.83639233417837 2.258218034222508 48.83818720682193 45094.0 73438
2.2636666879627843 48.83639318340711 2.25957956023652 48.83818810278545 71159.0 73439
2.2650281669904544 48.83639401706756 2.2623039107143743 48.837291091417626 127667.0 73440
2.2391583746481682 48.837274272303645 2.245962720955504 48.83907719830195 63537.0 73767
2.2391583746481682 48.837274272303645 2.2500458578640923 48.83997901504119 73038.0 73767
2.2405198763364975 48.837275386211445 2.247324270097055 48.8390782344018 68694.0 73768
2.2405198763364975 48.837275386211445 2.248685819292763 48.839079254932614 51887.0 73768
2.2418813780830633 48.8372764845507 2.2459643023372444 48.83817844255516 15276.0 73769
2.2418813780830633 48.8372764845507 2.248685819292763 48.839079254932614 108103.0 73769
2.2432428798870494 48.83727756732146 2.247325827893283 48.8381794786377 153.0 73770
2.2432428798870494 48.83727756732146 2.2500473685418108 48.839080259894395 65700.0 73770
2.2446043817476378 48.837278634523685 2.2514089178433814 48.83908124928715 36203.0 73771
2.245965883664012 48.837279686157416 2.248687353503475 48.838180499151434 84345.0 73772
2.2623039107143743 48.837291091417626 2.25957956023652 48.83818810278545 148082.0 73784
2.2636654132816094 48.83729194066057 2.25957956023652 48.83818810278545 42225.0 73785
2.2636654132816094 48.83729194066057 2.260941086297331 48.83818898318019 5666.0 73785
2.2650269158931904 48.83729277433499 2.260941086297331 48.83818898318019 113203.0 73786
2.239156675397968 48.838173028610925 2.2432396228381437 48.839075079395165 14589.0 74113
2.239156675397968 48.838173028610925 2.24868428502871 48.83997801006261 79073.0 74113
2.2405182006709774 48.83817414253731 2.2446011718689287 48.839076146633076 102002.0 74114
2.241879726002227 48.838175240894934 2.245962720955504 48.83907719830195 32707.0 74115
2.241879726002227 48.838175240894934 2.24868428502871 48.83997801006261 66707.0 74115
2.2432412513908995 48.83817632368378 2.247324270097055 48.8390782344018 30265.0 74116
2.2432412513908995 48.83817632368378 2.2500458578640923 48.83997901504119 10110.0 74116
2.244602776836177 48.838177390903866 2.248685819292763 48.839079254932614 3424.0 74117
2.262302612404126 48.83818984800614 2.258216665110477 48.83908596271529 6994.0 74130
2.263664138556087 48.83819069726332 2.258216665110477 48.83908596271529 2847.0 74131
2.263664138556087 48.83819069726332 2.2595782147100247 48.839086858693804 44067.0 74131
2.265025664752396 48.83819153095169 2.2595782147100247 48.839086858693804 97099.0 74132
2.2391549760887104 48.83907178426723 2.2459611395187897 48.83997595339757 92260.0 74459
2.240516524947217 48.83907289821224 2.24732271224667 48.83997698951474 71986.0 74460
2.241878073863967 48.83907399658822 2.24732271224667 48.83997698951474 24962.0 74461
2.241878073863967 48.83907399658822 2.24868428502871 48.83997801006261 15775.0 74461
2.2446011718689287 48.839076146633076 2.24868428502871 48.83997801006261 47600.0 74463
2.262301314048711 48.83908860394372 2.2595782147100247 48.839086858693804 28600.0 74476
2.2636628637862146 48.839089453215095 2.260939764356375 48.83908773910329 46674.0 74477
2.26502441356807 48.839090286917454 2.260939764356375 48.83908773910329 67230.0 74478
2.26502441356807 48.839090286917454 2.262301314048711 48.83908860394372 27156.0 74478
2.2391532767203914 48.83997053927237 2.2405148491652134 48.83997165323599 86412.0 74805
2.2391532767203914 48.83997053927237 2.241876421668282 48.83997275163031 1024.0 74805
2.2391532767203914 48.83997053927237 2.2459611395187897 48.83997595339757 1649.0 74805
2.2405148491652134 48.83997165323599 2.243237994228779 48.83997383445535 46039.0 74806
2.2405148491652134 48.83997165323599 2.2445995668458867 48.839974901711116 87157.0 74806
2.2623000156481265 48.83998735923012 2.258216665110477 48.83908596271529 1483.0 74822
2.263661588971991 48.839988208515734 2.2595782147100247 48.839086858693804 40339.0 74823
2.2650231623402095 48.83998904223202 2.2595782147100247 48.839086858693804 89668.0 74824
2.239151577293009 48.8408692936261 2.2459611395187897 48.83997595339757 40109.0 75151
2.239151577293009 48.8408692936261 2.24732271224667 48.83997698951474 28906.0 75151
2.2405131733249632 48.84087040760832 2.24732271224667 48.83997698951474 27591.0 75152
2.2405131733249632 48.84087040760832 2.2418747694151664 48.84087150602102 3931.0 75152
2.2622987172023716 48.840886113865125 2.258216665110477 48.83908596271529 53661.0 75168
2.2636603141134137 48.840886963164934 2.260938442369433 48.83998649437521 78241.0 75169
2.2650219110688123 48.84088779689521 2.258216665110477 48.83908596271529 138817.0 75170
2.23914987780656 48.84176804732819 2.243236365562801 48.840872588864144 42203.0 75497
2.23914987780656 48.84176804732819 2.24459796176705 48.84087365613773 4871.0 75497
2.2405114974264633 48.841769161329026 2.24459796176705 48.84087365613773 61867.0 75498
2.2418731171046185 48.84177025976006 2.24459796176705 48.84087365613773 14642.0 75499
2.2418731171046185 48.84177025976006 2.2459595580270975 48.84087470784178 49512.0 75499
2.2432347368402086 48.8417713426213 2.2500458578640923 48.83997901504119 5883.0 75500
2.2432347368402086 48.8417713426213 2.2459595580270975 48.84087470784178 25417.0 75500
2.2459579764804243 48.84177346163435 2.248682750711313 48.8408767645412 149609.0 75502
2.2473195963834147 48.84177449778616 2.2514074307520016 48.83998000445048 36778.0 75503
2.260935798257581 48.8417840029646 2.259575523516623 48.84088436855677 164466.0 75513
2.2622974187114426 48.841784867848475 2.2568551155585497 48.83908505116774 121886.0 75514
2.26365903921048 48.84178571716253 2.258216665110477 48.83908596271529 107339.0 75515
2.26365903921048 48.84178571716253 2.2595768691367266 48.839985613951 25586.0 75515
2.2650206597538753 48.84178655090675 2.258216665110477 48.83908596271529 137189.0 75516
2.2650206597538753 48.84178655090675 2.260938442369433 48.83998649437521 36830.0 75516
2.2391481782610416 48.84266680037842 2.2459595580270975 48.84087470784178 51623.0 75843
2.2405098214697103 48.842667914397865 2.2500458578640923 48.83997901504119 99155.0 75844
2.2418714647366356 48.84266901284725 2.247321154342124 48.84087574397627 143406.0 75845
2.2432331080609975 48.84267009572658 2.2459579764804243 48.84177346163435 227921.0 75846
2.244594751441981 48.84267116303585 2.2514074307520016 48.83998000445048 51092.0 75847
2.2473180383705387 48.84267325094419 2.251405943608913 48.84087875896242 101555.0 75849
2.259572832135989 48.84268187581323 2.2554921497227083 48.83998287926258 8752.0 75858
2.259572832135989 48.84268187581323 2.258212557488652 48.84178222648744 64886.0 75858
2.2609344761326655 48.84268275628165 2.256853722812547 48.839983806394685 61163.0 75859
2.2609344761326655 48.84268275628165 2.259574177849711 48.84178312251093 82215.0 75859
2.2622961201753373 48.84268362117999 2.258215295950826 48.83998471795749 187629.0 75860
2.2622961201753373 48.84268362117999 2.259575523516623 48.84088436855677 29905.0 75860
2.2636577642631877 48.84268447050825 2.2568551155585497 48.83908505116774 285802.0 75861
2.265019408395397 48.84268530426645 2.2568551155585497 48.83908505116774 28042.0 75862
2.265019408395397 48.84268530426645 2.2595768691367266 48.839985613951 247759.0 75862
2.265019408395397 48.84268530426645 2.260937120336502 48.840885248995725 47651.0 75862
2.2391464786564486 48.84356555277654 2.2500458578640923 48.83997901504119 67683.0 76189
2.2391464786564486 48.84356555277654 2.247321154342124 48.84087574397627 3606.0 76189
2.2391464786564486 48.84356555277654 2.244596356632416 48.84177240991272 22293.0 76189
2.2405081454547022 48.84356666681461 2.2500458578640923 48.83997901504119 34889.0 76190
2.2405081454547022 48.84356666681461 2.2432331080609975 48.84267009572658 109027.0 76190
2.2418698123112137 48.84356776528236 2.2514074307520016 48.83998000445048 150114.0 76191
2.2418698123112137 48.84356776528236 2.248682750711313 48.8408767645412 51746.0 76191
2.243231479225166 48.84356884817978 2.250044347133849 48.84087776953658 28014.0 76192
2.243231479225166 48.84356884817978 2.2473195963834147 48.84177449778616 148541.0 76192
2.2445931461957422 48.84356991550689 2.2486812163405707 48.84177551836815 102629.0 76193
2.2459548132221236 48.84357096726366 2.250042836351076 48.84177652338035 10138.0 76194
2.25412481650657 48.84357695082748 2.2527690036916184 48.839980978290484 55850.0 76200
2.2554864839007083 48.84357789359197 2.2541291367133556 48.84088069110543 321920.0 76201
2.256848151344112 48.84357882078612 2.255489316910233 48.84178038773099 169817.0 76202
2.258209818835967 48.84357973240993 2.2541320166008227 48.839083181365524 93165.0 76203
2.258209818835967 48.84357973240993 2.2568509371752206 48.84178131489412 29895.0 76203
2.2595714863754535 48.84358062846343 2.2541320166008227 48.839083181365524 169505.0 76204
2.260933153961755 48.843581508946585 2.258212557488652 48.84178222648744 202041.0 76205
2.262294821594055 48.843582373859405 2.256853722812547 48.839983806394685 280710.0 76206
2.2636564892715336 48.8435832232019 2.2554935660550592 48.839084124051155 260672.0 76207
2.2636564892715336 48.8435832232019 2.260935798257581 48.8417840029646 119764.0 76207
2.2650181569933756 48.84358405697404 2.2568551155585497 48.83908505116774 141850.0 76208
2.2650181569933756 48.84358405697404 2.258215295950826 48.83998471795749 276329.0 76208
2.2391447789927805 48.84446430452236 2.2391447789927805 48.84446430452236 99925.0 76535
2.2405064693814354 48.844465418579034 2.2514074307520016 48.83998000445048 158621.0 76536
2.241868159828351 48.844466517065136 2.250044347133849 48.84087776953658 182719.0 76537
2.241868159828351 48.844466517065136 2.2459563948787675 48.84267221477505 30405.0 76537
2.2432298503327113 48.84446759998066 2.250042836351076 48.84177652338035 17914.0 76538
2.2432298503327113 48.84446759998066 2.2473180383705387 48.84267325094419 177192.0 76538
2.2445915408936967 48.8444686673256 2.24867968191648 48.84267427154326 90684.0 76539
2.2445915408936967 48.8444686673256 2.2473164803034953 48.84357200345011 32834.0 76539
2.245953231510492 48.84446971909996 2.248678147439037 48.84357302406626 32313.0 76540
2.2527616854029926 48.84447474441299 2.251405943608913 48.84087875896242 53411.0 76545
2.2541233763374757 48.84447570276384 2.2527675401356873 48.8408797328187 118840.0 76546
2.2554850673220455 48.84447664554409 2.254127696694508 48.841779444998046 180486.0 76547
2.256846758355885 48.844477572753746 2.2541305766821265 48.83998193656117 223720.0 76548
2.2582084494381762 48.84447848439284 2.2554907333411007 48.840881633822605 214570.0 76549
2.2582084494381762 48.84447848439284 2.2568495442838903 48.84268006816616 115680.0 76549
2.2595701405681026 48.84447938046131 2.2568509371752206 48.84178131489412 202690.0 76550
2.2609318317448466 48.844480260959216 2.2541320166008227 48.839083181365524 152123.0 76551
2.2609318317448466 48.844480260959216 2.2554921497227083 48.83998287926258 44672.0 76551
2.2622935229675907 48.8444811258865 2.256852330018105 48.840882560970215 262499.0 76552
2.2622935229675907 48.8444811258865 2.258212557488652 48.84178222648744 3136.0 76552
2.2636552142355173 48.84448197524321 2.256853722812547 48.839983806394685 46000.0 76553
2.2636552142355173 48.84448197524321 2.2582139267435517 48.84088347254828 391724.0 76553
2.2650169055478084 48.84448280902933 2.2554935660550592 48.839084124051155 388712.0 76554
2.2650169055478084 48.84448280902933 2.256853722812547 48.839983806394685 117038.0 76554
2.2391430792700335 48.84536305561562 2.2391430792700335 48.84536305561562 103881.0 76881
2.2405047932499067 48.84536416969091 2.250044347133849 48.84087776953658 63683.0 76882
2.2405047932499067 48.84536416969091 2.251405943608913 48.84087875896242 40745.0 76882
2.2405047932499067 48.84536416969091 2.2486812163405707 48.84177551836815 47749.0 76882
2.2418665072880444 48.845365268195366 2.250042836351076 48.84177652338035 171309.0 76883
2.2418665072880444 48.845365268195366 2.24867968191648 48.84267427154326 10792.0 76883
2.243228221383629 48.84536635112899 2.2500413255157716 48.84267527657224 101898.0 76884
2.243228221383629 48.84536635112899 2.2473164803034953 48.84357200345011 18442.0 76884
2.243228221383629 48.84536635112899 2.248678147439037 48.84357302406626 34792.0 76884
2.243228221383629 48.84536635112899 2.2473149221822792 48.84447075530373 105.0 76884
2.244589935535842 48.84536741849177 2.2473149221822792 48.84447075530373 26965.0 76885
2.244589935535842 48.84536741849177 2.2486766129082403 48.844471775936924 50522.0 76885
2.244589935535842 48.84536741849177 2.2473133640068883 48.84536950650481 12961.0 76885
2.2459516497438683 48.84536847028372 2.2473133640068883 48.84536950650481 19526.0 76886
2.25139850711774 48.84537252174303 2.2500398146279332 48.84357402911205 34824.0 76890
2.2527602215925633 48.84537349568076 2.251404456414112 48.84177751282273 108064.0 76891
2.254121936118293 48.845374454047644 2.2527660765288613 48.84177848669529 150918.0 76892
2.2554836506941127 48.84537539684367 2.2527690036916184 48.839980978290484 120339.0 76893
2.2554836506941127 48.84537539684367 2.2541262566255797 48.842678198238815 89335.0 76893
2.2568453653192044 48.845376324068845 2.2541305766821265 48.83998193656117 131068.0 76894
2.2568453653192044 48.845376324068845 2.255487900430103 48.84267914098752 102770.0 76894
2.2582070799927507 48.84537723572317 2.2541320166008227 48.839083181365524 145331.0 76895
2.2582070799927507 48.84537723572317 2.2554907333411007 48.840881633822605 50057.0 76895
2.2582070799927507 48.84537723572317 2.256848151344112 48.84357882078612 33167.0 76895
2.2595687947139345 48.845378131806655 2.2554907333411007 48.840881633822605 174089.0 76896
2.260930509481938 48.845379012319285 2.2568509371752206 48.84178131489412 141080.0 76897
2.260930509481938 48.845379012319285 2.2582111881861247 48.842680979774734 5991.0 76897
2.262292224295944 48.84537987726107 2.2554921497227083 48.83998287926258 175770.0 76898
2.2636539391551347 48.845380726631994 2.256852330018105 48.840882560970215 302607.0 76899
2.2650156540586925 48.84538156043206 2.2554921497227083 48.83998287926258 262497.0 76900
2.2650156540586925 48.84538156043206 2.256853722812547 48.839983806394685 107006.0 76900
2.2391413794882036 48.84626180605609 2.2391413794882036 48.84626180605609 58469.0 77227
2.240503117060113 48.846262920150025 2.240503117060113 48.846262920150025 110049.0 77228
2.24186485469029 48.84626401867283 2.2445883301221756 48.84626616900516 16951.0 77229
2.24186485469029 48.84626401867283 2.245948486045632 48.84716597069266 7195.0 77229
2.24186485469029 48.84626401867283 2.2473102474935716 48.84716700694839 104348.0 77229
2.243226592377917 48.846265101624546 2.245950067922249 48.84626722081468 19693.0 77230
2.243226592377917 48.846265101624546 2.2473118057773203 48.846268257053104 81764.0 77230
2.2445883301221756 48.84626616900516 2.245950067922249 48.84626722081468 34190.0 77231
2.251397019664341 48.84627127234176 2.2500398146279332 48.84357402911205 9582.0 77236
2.251397019664341 48.84627127234176 2.250038303687557 48.84447278099954 44017.0 77236
2.252758757731226 48.846272246295754 2.251404456414112 48.84177751282273 94543.0 77237
2.252758757731226 48.846272246295754 2.251402969167597 48.84267626603117 30775.0 77237
2.25412049584902 48.846273204678674 2.2527660765288613 48.84177848669529 118686.0 77238
2.25412049584902 48.846273204678674 2.252764612871139 48.84267723992002 28903.0 77238
2.255482234016907 48.84627414749046 2.2527690036916184 48.839980978290484 198906.0 77239
2.2568439722340683 48.84627507473116 2.2554864839007083 48.84357789359197 210054.0 77240
2.2582057104996873 48.84627598640074 2.2541305766821265 48.83998193656117 31041.0 77241
2.2582057104996873 48.84627598640074 2.255489316910233 48.84178038773099 163711.0 77241
2.2595674488129456 48.846276882499225 2.2582084494381762 48.84447848439284 111073.0 77242
2.2609291871730264 48.84627776302659 2.2568509371752206 48.84178131489412 60720.0 77243
2.2622909255791113 48.846278627982855 2.2582111881861247 48.842680979774734 59990.0 77244
2.2636526640303845 48.84627947736799 2.2554921497227083 48.83998287926258 154889.0 77245
2.2650144025260266 48.84628031118204 2.2650144025260266 48.84628031118204 233735.0 77246
2.239139679647289 48.84716055584357 2.239139679647289 48.84716055584357 50516.0 77573
2.240501440812052 48.8471616699561 2.240501440812052 48.8471616699561 70971.0 77574
2.241863202035086 48.847162768497284 2.2445867246526925 48.847164918865545 30164.0 77575
2.241863202035086 48.847162768497284 2.245948486045632 48.84716597069266 40878.0 77575
2.241863202035086 48.847162768497284 2.2459469041140148 48.84806471991739 626.0 77575
2.243224963315572 48.8471638514671 2.245948486045632 48.84716597069266 36929.0 77576
2.25003377055118 48.84716903274581 2.2486735436865706 48.846269277720424 458.0 77581
2.2513955321592145 48.84717002228747 2.2486750783240854 48.84537052715507 51796.0 77582
2.2513955321592145 48.84717002228747 2.2486735436865706 48.846269277720424 8530.0 77582
2.2513955321592145 48.84717002228747 2.2500352816491835 48.846270282816654 5150.0 77582
2.2527572938189784 48.847170996257766 2.251402969167597 48.84267626603117 74868.0 77583
2.2527572938189784 48.847170996257766 2.2514014818693653 48.843575018587515 43837.0 77583
2.254119055529655 48.8471719546567 2.251405943608913 48.84087875896242 42458.0 77584
2.254119055529655 48.8471719546567 2.252764612871139 48.84267723992002 75092.0 77584
2.254119055529655 48.8471719546567 2.2527631491625164 48.84357599249267 4382.0 77584
2.255480817290426 48.84717289748427 2.2527690036916184 48.839980978290484 33472.0 77585
2.255480817290426 48.84717289748427 2.2527675401356873 48.8408797328187 129537.0 77585
2.2568425791004754 48.84717382474047 2.2541291367133556 48.84088069110543 83596.0 77586
2.2568425791004754 48.84717382474047 2.254127696694508 48.841779444998046 76396.0 77586
2.2582043409589834 48.847174736425316 2.2541305766821265 48.83998193656117 160111.0 77587
2.259566102865134 48.84717563253879 2.2554907333411007 48.840881633822605 88867.0 77588
2.2609278648181093 48.847176513080896 2.2554907333411007 48.840881633822605 43495.0 77589
2.2622896268170916 48.84717737805164 2.2622896268170916 48.84717737805164 7173.0 77590
2.263651388861264 48.84717822745101 2.263651388861264 48.84717822745101 27236.0 77591
2.2650131509498075 48.84717906127901 2.2650131509498075 48.84717906127901 95201.0 77592
2.2391379797472855 48.848059304977824 2.2391379797472855 48.848059304977824 32836.0 77919
2.2404997645057203 48.84806041910896 2.2404997645057203 48.84806041910896 7374.0 77920
2.2404997645057203 48.84806041910896 2.2445851191273922 48.84806366807271 12368.0 77920
2.2404997645057203 48.84806041910896 2.2459469041140148 48.84806471991739 24645.0 77920
2.2418615493224276 48.848061517668484 2.2445851191273922 48.84806366807271 34292.0 77921
2.243223334196591 48.848062600656405 2.2459469041140148 48.84806471991739 15181.0 77922
2.250032259400629 48.84806778202173 2.248672008995693 48.847168027632776 5814.0 77927
2.251394044602357 48.848068771579946 2.2486735436865706 48.846269277720424 22986.0 77928
2.251394044602357 48.848068771579946 2.248672008995693 48.847168027632776 38954.0 77928
2.2527558298558183 48.848069745566534 2.2500398146279332 48.84357402911205 26631.0 77929
2.2527558298558183 48.848069745566534 2.2513999945194136 48.84447377049155 4406.0 77929
2.2527558298558183 48.848069745566534 2.2500367926946416 48.84537153223448 19336.0 77929
2.2527558298558183 48.848069745566534 2.2486735436865706 48.846269277720424 40634.0 77929
2.254117615160194 48.8480707039815 2.251405943608913 48.84087875896242 94585.0 77930
2.255479400514668 48.84807164682485 2.2527675401356873 48.8408797328187 137764.0 77931
2.256841185918421 48.84807257409656 2.2527690036916184 48.839980978290484 64767.0 77932
2.256841185918421 48.84807257409656 2.254127696694508 48.841779444998046 88846.0 77932
2.258202971370637 48.84807348579666 2.2541305766821265 48.83998193656117 21358.0 77933
2.258202971370637 48.84807348579666 2.2541291367133556 48.84088069110543 138390.0 77933
2.2595647568704975 48.84807438192513 2.255489316910233 48.84178038773099 97759.0 77934
2.2609265424171854 48.848075262481984 2.2609265424171854 48.848075262481984 48471.0 77935
2.262288328009882 48.848076127467195 2.262288328009882 48.848076127467195 18705.0 77936
2.263650113647771 48.84807697688079 2.263650113647771 48.84807697688079 11997.0 77937
2.265011899330034 48.84807781072275 2.265011899330034 48.84807781072275 68720.0 77938
2.2391362797881915 48.8489580534586 2.2391362797881915 48.8489580534586 36748.0 78265
2.2404980881411145 48.84895916760837 2.2404980881411145 48.84895916760837 38375.0 78266
2.2418598965523135 48.84896026618624 2.2459469041140148 48.84806471991739 23718.0 78267
2.2432217050209715 48.848961349192265 2.2459469041140148 48.84806471991739 17617.0 78268
2.2432217050209715 48.848961349192265 2.24730868915564 48.848065756190465 1422.0 78268
2.250030748197527 48.848966530644205 2.24730868915564 48.848065756190465 25630.0 78273
2.2513925569937667 48.84896752021897 2.24730868915564 48.848065756190465 65219.0 78274
2.2513925569937667 48.84896752021897 2.2486704742514503 48.84806677689191 4171.0 78274
2.252754365841742 48.848968494221836 2.248672008995693 48.847168027632776 31565.0 78275
2.252754365841742 48.848968494221836 2.2486704742514503 48.84806677689191 53461.0 78275
2.2541161747406355 48.84896945265284 2.251405943608913 48.84087875896242 44877.0 78276
2.2541161747406355 48.84896945265284 2.251404456414112 48.84177751282273 51409.0 78276
2.2554779836896293 48.848970395511955 2.2527675401356873 48.8408797328187 58411.0 78277
2.2554779836896293 48.848970395511955 2.2527660765288613 48.84177848669529 15629.0 78277
2.2554779836896293 48.848970395511955 2.2554779836896293 48.848970395511955 51089.0 78277
2.256839792687905 48.8489713227992 2.256839792687905 48.8489713227992 151160.0 78278
2.258201601734646 48.84897223451455 2.258201601734646 48.84897223451455 149095.0 78279
2.2595634108290334 48.84897313065802 2.2595634108290334 48.84897313065802 109058.0 78280
2.2609252199702508 48.8489740112296 2.2609252199702508 48.8489740112296 61801.0 78281
2.2622870291574797 48.84897487622929 2.2622870291574797 48.84897487622929 36398.0 78282
2.263648838389903 48.84897572565711 2.263648838389903 48.84897572565711 34749.0 78283
2.265010647666703 48.84897655951304 2.265010647666703 48.84897655951304 78793.0 78284
2.239134579770002 48.84985680128568 2.239134579770002 48.84985680128568 39169.0 78611
2.2404964117182313 48.84985791545406 2.2404964117182313 48.84985791545406 41627.0 78612
2.2418582437247405 48.8498590140503 2.2445835135462713 48.8489624166264 10280.0 78613
2.2418582437247405 48.8498590140503 2.245945322127394 48.84896346848867 20783.0 78613
2.2432200757887113 48.84986009707441 2.245945322127394 48.84896346848867 10720.0 78614
2.2432200757887113 48.84986009707441 2.2473071307635224 48.848964504779055 2819.0 78614
2.2432200757887113 48.84986009707441 2.2459437400857665 48.84986221640625 15204.0 78614
2.244581907909325 48.84986116452641 2.2473055723172157 48.84986325271397 2358.0 78615
2.250029236941871 48.84986527861299 2.2473055723172157 48.84986325271397 7674.0 78619
2.250029236941871 48.84986527861299 2.248667404602857 48.84986427344954 13692.0 78619
2.251391069333441 48.849866268204295 2.2473071307635224 48.848964504779055 23362.0 78620
2.251391069333441 48.849866268204295 2.2473055723172157 48.84986325271397 30152.0 78620
2.2527529017767485 48.84986724222347 2.24730868915564 48.848065756190465 7146.0 78621
2.2527529017767485 48.84986724222347 2.2473071307635224 48.848964504779055 30091.0 78621
2.2527529017767485 48.84986724222347 2.248668939453839 48.848965525497576 30704.0 78621
2.2541147342709764 48.849868200670485 2.2541147342709764 48.849868200670485 103582.0 78622
2.2554765668153074 48.84986914354539 2.2554765668153074 48.84986914354539 124746.0 78623
2.256838399408923 48.84987007084814 2.256838399408923 48.84987007084814 141521.0 78624
2.2582002320510064 48.84987098257874 2.2582002320510064 48.84987098257874 107410.0 78625
2.2595620647407393 48.84987187873722 2.2595620647407393 48.84987187873722 84562.0 78626
2.260923897477304 48.84987275932353 2.260923897477304 48.84987275932353 53649.0 78627
2.2622857302598827 48.84987362433772 2.2622857302598827 48.84987362433772 60157.0 78628
2.263647563087658 48.84987447377975 2.263647563087658 48.84987447377975 71333.0 78629
2.2650093959598125 48.849875307649654 2.2650093959598125 48.849875307649654 112485.0 78630
